===0.2====
0.4649550527334213
0.31466259956359866
0.3556619048118591
0.3710078239440918
0.3195877552032471
0.57251937687397
0.43260015547275543
0.3152104377746582
0.44529239237308504
0.3071862459182739
===0.3====
0.3052991151809692
0.3827052772045135
0.4439717769622803
0.25963846445083616
0.3471329867839813
0.44817860722541814
0.4603998892009258
0.2501177906990051
0.30568380355834956
0.20771739482879636
===0.4====
0.36748334765434265
0.37815260887145996
0.3261570930480957
0.40552362203598025
0.4508439600467682
0.3682172894477844
0.23909972906112675
0.2726079940795898
0.5118967354297638
0.286952269077301
===0.5====
0.4557593643665314
0.3588221192359924
0.3283154726028442
0.5401546478271484
0.256552517414093
0.46579593420028687
0.3460262656211853
0.2719856858253479
0.6116169095039368
0.2944034695625305
===0.6====
0.45754268467426296
0.26437304019927976
0.3442089855670929
0.27079300880432133
0.3049704372882843
0.4760765880346298
0.21213387250900273
0.3902795523405075
0.594817167520523
0.21677494049072266
===0.7====

===0.8====

===0.9====