0.352630364894867
0.345490163564682
0.21802827119827273
0.28308386802673335
0.2746784150600433
0.41098060011863713
0.4090310983359814
0.32058434486389165
0.46058138906955715
0.239393162727356
0.30333447456359863
0.31832225322723384
0.4428652107715607
0.316398561000824
0.5292735517024993
0.15614694356918335
0.2280307292938233
0.41695329993963237
0.23250418901443481
0.42217499017715454
0.25738102197647095
0.2547598123550415
0.5967077553272248
0.5006109654903412
0.37177737355232243
0.4053221046924591
0.43693159818649296
0.3137921094894409
0.5088031589984894
0.45895782858133316
0.39154180884361267
0.3945612728595733
0.5347011923789978
0.34175881147384646
0.33791832923889165
0.5258800446987152
0.5357656359672547
0.4953299701213837
0.31228001117706294
0.3662634372711182
0.18121556043624876
0.4652258694171906
0.3824719369411469
0.20514202117919922
0.3471498608589172
0.39351655244827266
0.301927101612091
0.25973349809646606
0.2086031436920166
0.33790640830993657
0.3246579706668854
0.31150379180908205
0.34958498477935795
0.4881443381309509
0.4272198544815182
0.3091231644153595
0.2648805737495422
0.3505702972412109
0.4240482330322266
0.33669018745422363
0.3565085649490356
0.638939979672432
0.5050111964344979
0.5980609774589538
0.3104174613952637
0.4626476645469666
0.32137451767921443
0.3804555416107178
0.2714120268821716
0.19327441453933714
0.6275217682123184
0.617124491930008
0.4891337096691132
0.4822129130363464
0.31262655854225163
0.4178334593772888
0.4458483159542084
0.23840947151184078
0.22361291646957393
0.3250897765159607
0.341929292678833
0.34122308492660525
0.37162673473358154
0.6416840761899948
0.30923440456390383
0.22979937791824345
0.36149364709854126
0.6627309322357178
0.20703661441802979
0.321422278881073
0.48591578304767613
0.27995240688323975
0.48870522975921626
0.41156365275383
0.34483068585395815
0.35917414426803584
0.2690404534339905
0.6852514952421188
0.2789123058319092
0.4103192381560803
0.4725290954113006
0.39024388790130615
0.5086287170648575
0.35022346973419194
0.3635816216468811
0.48800458908081057
0.5235656440258026
0.5199989229440689
0.6724555730819702
0.5386906504631043
0.5621171921491623
0.6137913644313813
0.6383562475442887
0.3032001972198486
0.2325589776039123
0.680470684170723
0.3828595519065857
0.36132716536521914
0.3121643662452698
0.39032531976699825
0.48844622671604154
0.5602621495723724
0.6293971419334412
0.5953686237335205
0.4417677134275436
0.45246738791465757
0.570041973888874
0.662986758351326
0.3166847705841065
0.32421742081642146
0.471557405591011
0.2790800094604492
0.31623929738998413
0.3584082365036011
0.7178241454064846
0.4769139662384987
0.5069598957896233
0.6416323274374008
0.5070272505283355
0.4997660934925079
0.24062602519989018
0.3332622289657593
0.46036713421344755
0.4618639469146728
0.34958580136299133
0.593444311618805
0.41304845213890073
0.6872331440448761
0.2999929428100586
0.21121858358383183
0.3745881140232086
0.3977215886116028
0.6907610684633255
0.499060720205307
0.3210044085979462
0.38252347707748413
0.38553293943405154
0.5059369847178459
0.39701648950576784
0.3720271587371826
0.3269888460636139
0.3452139019966125
0.39648787379264827
0.44070146083831785
0.5127668380737305
0.3490154027938843
0.28413475751876827
0.368909227848053
0.27491512298583987
0.4610203802585602
0.4102055788040161
0.27922133207321165
0.2557843327522278
0.31054283976554875
0.4438849270343781
0.4351653251796961
0.2933347642421722
0.3422133684158325
0.3141654253005981
0.35949794650077815
0.5274954609572887
0.5299703046679497
0.31810173988342283
0.23337531089782715
0.2457997322082519
0.3343241393566132
0.25255362987518315
0.34799687862396245
0.20954093933105467
0.28377864360809324
0.30361559987068176
0.2318081974983215
0.35267294645309444
0.30565674304962154
0.2712177038192749
0.4363264083862305
0.26016609668731694
0.4145479321479797
0.4214531421661377
0.4303763926029205
0.22236186265945435
0.3590902090072632
0.2586436748504639
0.5286632999777794
0.5148120939731597
0.6640775024890899
0.5151325106620789
0.33362183570861814
0.2853988766670227
0.25125546455383296
0.42594258785247807
0.2992080092430115
0.28431063890457153
0.35722683072090144
0.23647377490997312
0.34011434316635136
0.3009061455726624
0.24857347011566167
0.3141550481319427
0.28485000133514404
0.42447871565818784
0.3580095529556274
0.4027001082897186
0.34611355066299443
0.39575700163841243
0.5155727922916412
0.3891301989555359
0.4946090698242187
0.24199069738388057
0.4484085619449616
0.6187647849321365
0.3070407629013061
0.3765795469284058
0.181447160243988
0.3948806464672089
0.2717143535614014
0.3701110124588013
0.34682691693305967
0.5290900290012359
0.3387057118117809
0.2762264907360077
0.2303597211837769
0.19650318622589114
0.30935118198394773
0.31538261175155635
0.2864356160163879
0.3996105283498764
0.3260796904563904
0.3510693192481995
0.39753412008285527
0.5165011830627918
0.5051909685134888
0.3660677671432495
0.6575566172599793
0.38244234919548037
0.22439768314361574
0.2840394139289856
0.38028906583786015
0.3137500524520874
0.40175732374191286
0.5013808682560921
0.29720449447631836
0.4095326483249664
0.4544330984354019
0.3312980830669403
0.3625267207622528
0.24025624990463257
0.3870275318622589
0.5669883072376252
0.41803963184356685
0.3175546050071716
0.24566724300384524
0.13510955572128291
0.24898756742477413
0.27336330413818355
0.5083075791597367
0.40988599061965947
0.4709828197956085
0.23324004411697385
0.42159682512283325
0.3824836254119873
0.2541922926902771
0.24060591459274294
0.21208425760269167
0.23991729021072383
0.3073098182678222
0.4567361563444138
0.21439972519874573
0.29371967911720276
0.2528249144554138
0.25952744483947754
0.40484510660171513
0.2801383852958679
0.20479760169982908
0.2561555981636048
0.471838790178299
0.49204400181770325
0.6613900095224381
0.5863813161849976
0.6067179322242737
0.27646288871765134
0.23955433368682866
0.2543806910514832
0.327641236782074
0.3775208413600921
0.42873989343643193
0.41393691301345825
0.2329403638839722
0.2671825885772705
0.3672854363918304
0.48322731703519817
0.5107189998030662
0.5554110050201416
0.2881064176559448
0.6614793747663498
0.34941928386688237
0.28482706546783443
0.2921347379684448
0.5008717814460397
0.42634114623069763
0.2952017426490784
0.41424314379692073
0.29841845035552983
0.23477700948715208
0.3941536009311676
0.24460648298263554
0.5854834198951722
0.42426584959030156
0.613075903430581
0.31366121768951416
0.45859631970524783
0.35688533782958987
0.3162935137748718
0.3788860678672791
0.4192547976970673
0.30457227230072026
0.30467331409454346
0.40138008296489713
0.3130309581756592
0.3539350390434265
0.31913580894470217
0.2893280923366547
0.32276761531829834
0.27838629484176636
0.29857632517814636
0.38437350988388064
0.31372683048248295
0.3245736718177795
0.48095338195562365
0.32976005673408504
0.23357843160629277
0.26197220087051387
0.3726978778839112
0.3367361783981323
0.3305279195308686
0.6311236470937729
0.29461714029312136
0.4177674978971482
0.5795576870441437
0.28882329463958745
0.19136983156204224
0.6363480806350708
0.2504040956497192
0.3623372435569763
0.35374288260936737
0.25861651897430415
0.4448505282402039
0.3721126914024353
0.46445647776126864
0.4101224780082703
0.48528999984264376
0.356287133693695
0.3467144012451172
0.49856628924608226
0.37548473477363586
0.3804473280906677
0.4541779279708862
0.31787991523742676
0.3511534333229065
0.725247074663639
0.6317097544670105
0.5286565661430359
0.48363439589738844
0.5117796719074249
0.5294778943061829
0.5097198992967605
0.3189005374908447
0.4037034640088677
0.26668763160705566
0.4866823315620422
0.4459463655948639
0.6489799384027719
0.5923445820808411
0.5036964356899262
0.4108430922031403
0.39046231508255
0.5407604545354843
0.6187578320503235
0.39479221701622014
0.5749861538410187
0.31327594518661495
0.50493985414505
0.29062619209289553
0.41976987123489384
0.24358307123184209
0.3875435084104538
0.2795932471752167
0.37997455596923824
0.24962844848632815
0.2740283131599426
0.2894598722457886
0.3239046573638916
0.31388552188873287
0.4158257126808167
0.3904560267925262
0.4199574887752533
0.46127005815505984
0.4775119960308075
0.8953463792800903
0.702397970855236
0.8332004487514496
0.7503145188093185
0.747446617379319
0.7272893935441971
0.9725543141365052
0.6843699656426907
0.8360482439398765
1.104529533162713
0.48473918261006477
0.7154738768935204
0.8905673686414957
0.7508007064461708
0.5907875239849091
0.6685188631527126
1.0187853306531907
0.9208012141287327
1.0045949205756188
0.82837123721838
0.7380078472197056
0.6572124786674977
0.7259231239557267
0.8849174758419395
1.1753091048449278
0.28424557447433474
0.3226358771324158
0.3442876815795899
0.39353017210960384
0.2923102736473083
0.3823226630687714
0.36219102144241333
0.39092910289764404
0.5362297058105469
0.4849615871906281
0.26519256830215454
0.5748830080032349
0.2910350680351257
0.5197767734527587
0.43314086198806767
0.2442499756813049
0.3356659591197968
0.35566653013229366
0.4697851806879043
0.41838371753692627
0.3408403158187866
0.4186188578605652
0.33846047222614284
0.4301675438880921
0.3016834676265716
0.37114566564559937
0.454766058921814
0.48611356914043424
0.5244601227343082
0.3409439861774445
0.27611218690872197
0.25875483751297
0.338918673992157
0.4562189921736717
0.2477485060691833
0.29336795806884763
0.36344486474990845
0.30374811887741093
0.5734357994049788
0.23747326135635372
0.13845421075820918
0.2935194969177246
0.3254838287830353
0.39519859850406647
0.30642160177230837
0.4682321701198816
0.4025455087423324
0.39153662025928493
0.4093292862176895
0.4382830440998078
0.5861239735037088
0.37087662816047673
0.3860333442687989
0.43703557103872304
0.36666351556777954
0.28856856822967525
0.3434463381767273
0.3609484523534775
0.5559032559394836
0.5789457082748413
0.2846927285194397
0.3585177421569824
0.6942819505929947
0.45413963347673414
0.4519741773605347
0.39729689955711367
0.4865994304418564
0.44452592730522156
0.28671804666519163
0.2742857694625854
0.2005465149879455
0.27722005844116215
0.2815595448017121
0.30182139277458186
0.35032349824905396
0.25366895198822026
0.5771749824285507
0.42066259980201726
0.3720315575599671
0.3663794577121735
0.61774440407753
0.2825735449790955
0.33194051980972294
0.7611886080354452
0.265720522403717
0.38893826007843013
0.39944717288017273
0.21202702522277828
0.41973628997802737
0.594777512550354
0.4838608920574188
0.7124017387628555
0.35493833422660825
0.37343875169754026
0.572854095697403
0.37064459919929504
0.3072867870330811
1.0242110468447208
0.4200722232460976
0.20789732933044436
0.40115835666656496
0.35297705978155136
0.29733445644378664
0.2930018901824951
0.5393313720822335
0.5422196567058564
0.41174484938383105
0.28059084415435787
0.2277532458305359
0.4333150923252106
0.3795407444238663
0.2339896440505982
0.3000646352767944
0.26744045019149776
0.32753547430038454
0.7891168907284737
0.6084261998534203
0.70284828171134
1.060367751121521
0.6945410013198853
0.6687836453318596
0.6205230861902237
0.9017499431967735
0.7076448209583759
0.544761797785759
0.5952037323266268
0.7291357886977494
0.4568488717079162
0.8490404538810253
0.4550832033157348
0.5511179536581039
0.5674469731748104
0.5671776709146797
0.49209223762154575
0.49654825367033484
0.3234377980232239
0.32443439960479736
0.4364337503910065
0.2931662321090698
0.42816013693809507
0.567927360534668
0.504934948682785
0.5658525824546814
0.46101920604705815
0.5849355787038804
0.37646580338478086
0.4745150864124298
0.5617364346981049
0.5596121072769165
0.546093899011612
0.5144243836402893
0.5506683468818665
0.5365626037120819
0.549108037352562
0.5593024730682373
0.5907378539443016
0.5215261697769165
0.46681139469146726
0.3462675213813782
0.2426481127738953
0.4654996991157532
0.7468543171882629
0.7181337691610679
0.3335128128528595
0.443574208021164
0.20771309137344363
0.4682195067405701
0.5768500208854676
0.46070618033409116
0.2319190382957459
0.454081779718399
0.5009033024311066
0.40125433206558225
0.4189477801322937
0.5605594992637635
0.5933575361967087
0.6655089780688286
0.6739514827728271
0.699508672952652
0.6357942521572113
0.7258805751800537
0.665158922970295
0.6935614675283432
0.6713601529598237
0.606906509399414
0.5615122675895691
0.49156505465507505
0.47401217222213743
0.5248668313026428
0.44852126240730283
0.6364609718322753
0.5833146393299102
0.5471216976642609
0.5550934135913849
0.5729624390602112
0.23052120208740234
0.2389195084571838
0.22215106487274172
0.5158994287252426
0.38823471367359164
0.23286163806915283
0.46728645265102386
0.26661694049835205
0.21647835969924922
0.46338657736778255
0.5259405016899109
0.23742504119873042
0.35469492673873904
0.44513897970318794
0.25805248022079463
0.633865875005722
0.43214665651321416
0.4651540040969848
0.4655861973762512
0.24928482770919802
0.2772847771644592
0.4432935357093811
0.2718869328498841
0.24977430105209353
0.25018867254257204
0.4775766521692276
0.360871148109436
0.3101177930831909
0.24422187805175777
0.3717999756336212
0.4026353120803833
0.2295652389526367
0.3109416484832763
0.42603512406349187
0.3169219434261322
0.3723449677228927
0.3508252084255219
0.34294886887073517
0.28372035622596736
0.2367888927459717
0.3367613077163696
0.40817053318023677
0.41964410543441777
0.3501859068870544
0.36426272988319397
0.4893383324146271
0.573622977733612
0.42813668251037595
0.5876743733882904
0.3088578104972839
0.6669932246208191
0.45745938271284103
0.5113815009593964
0.4615914940834045
0.2590096354484558
0.35778601169586177
0.30266579389572146
0.45047993063926695
0.2569161653518677
0.43041087388992305
0.4157107025384903
0.2413934946060181
0.6693063974380493
0.4217572271823883
0.23138803243637085
0.24403165578842168
0.47842847108840947
0.5428321806713938
0.3873551547527313
0.33681406378746037
0.41385318040847774
0.3789696812629699
0.3839936017990112
0.20874800682067873
0.33467438220977785
0.46318108439445493
0.3399125874042511
0.2343733429908752
0.46767424345016484
0.7641273409128189
0.43927961587905884
0.474589665979147
0.35156942605972286
0.3100967764854431
0.5871273219585419
0.5278510570526123
0.4838144205510616
0.3620868563652039
0.1970122337341309
0.2949594974517822
0.37454615831375127
0.553623229265213
0.383854067325592
0.2751690149307251
0.46128405332565303
0.46658625006675725
0.1320825338363647
0.23568478822708128
0.25256856679916384
0.352506160736084
0.18427845239639284
0.23827475309371948
0.544142273068428
0.4521536439657211
0.5248863428831101
0.29831379652023315
0.48253050819039345
0.40926637649536135
0.3188369750976563
0.617088359594345
0.178642463684082
0.43669479787349696
0.4398514196276665
0.4883361339569092
0.41149437129497524
0.5239171266555787
0.2634762763977051
0.6090975001454353
0.27659064531326294
0.26226105690002444
0.21464916467666628
0.24732333421707153
0.5971267327666283
0.4330652877688408
0.3995320081710816
0.37924458980560305
0.5035171449184418
0.4348149478435517
0.5816093131899833
0.4854294791817665
0.4251237630844116
0.5144333139061927
0.2555406212806701
0.3723658740520477
0.2745163381099701
0.4415900856256485
0.39336810708045955
0.4096140384674072
0.3894472122192383
0.6263963669538498
0.33237401247024534
0.5173015892505646
0.6264501109719276
0.41379857063293457
0.3361740350723267
0.5400425851345062
0.6746950566768646
0.5610824227333069
0.4939565092325211
0.347601306438446
0.2946972608566284
0.3513896405696869
0.2821600377559662
0.4634303987026215
0.41088053584098816
0.3052991271018982
0.3973370432853699
0.42168231606483464
0.6839362177532167
0.39989011287689213
0.43771200180053715
0.36345679759979244
0.37373631000518803
0.270051097869873
0.3863940358161926
0.2757704377174377
0.20328413248062138
0.6401500333100557
0.33346028923988347
0.27338377237319944
0.3169201493263245
0.34548668861389165
0.43054763078689573
0.41377332210540774
0.28902747631073
0.5624157786369324
0.26089472770690914
0.5161368936300278
0.4510357975959778