llama2-7b
attn:
0.02730703353881836, 0.022507190704345703, 0.022286415100097656, 0.023207664489746094, 0.022301435470581055, 0.02197551727294922, 0.02271580696105957, 0.02266669273376465, 0.022764921188354492, 0.023357868194580078, 0.02446460723876953, 0.02339649200439453, 0.023341894149780273, 0.02326488494873047, 0.02408885955810547, 0.024194955825805664, 0.024322986602783203, 0.02489185333251953, 0.024989843368530273, 0.024146080017089844, 0.03309512138366699, 0.031275272369384766, 0.031151533126831055, 0.03290510177612305, 0.032422542572021484, 0.03334379196166992, 0.032529354095458984, 0.03260540962219238, 0.033890485763549805, 0.03377246856689453, 0.03327608108520508, 0.03825998306274414
0.044222116470336914, 0.040415287017822266, 0.0394437313079834, 0.0360260009765625, 0.04107189178466797, 0.035765647888183594, 0.03395390510559082, 0.03463006019592285, 0.03598761558532715, 0.033446311950683594, 0.03250527381896973, 0.03236055374145508, 0.03231525421142578, 0.032294273376464844, 0.031664371490478516, 0.03169393539428711, 0.032421112060546875, 0.03220367431640625, 0.032001495361328125, 0.03307199478149414, 0.032479286193847656, 0.032407283782958984, 0.04067659378051758, 0.0395510196685791, 0.03856062889099121, 0.04048967361450195, 0.04036259651184082, 0.037578582763671875, 0.03743314743041992, 0.03793931007385254, 0.038466691970825195, 0.038068532943725586
0.02982473373413086, 0.02431344985961914, 0.024341106414794922, 0.025738239288330078, 0.023641347885131836, 0.023710012435913086, 0.02319645881652832, 0.02300882339477539, 0.0230712890625, 0.023106098175048828, 0.023119688034057617, 0.023541927337646484, 0.023113012313842773, 0.023271560668945312, 0.023948192596435547, 0.023799419403076172, 0.024008989334106445, 0.023119449615478516, 0.023693084716796875, 0.02359914779663086, 0.023527145385742188, 0.02382802963256836, 0.023674964904785156, 0.020974397659301758, 0.028571367263793945, 0.02941107749938965, 0.029669523239135742, 0.029889583587646484, 0.028958559036254883, 0.029329776763916016, 0.030528783798217773, 0.02874612808227539
0.03389549255371094, 0.03257441520690918, 0.03220200538635254, 0.03098893165588379, 0.03243446350097656, 0.0312039852142334, 0.030809402465820312, 0.0311281681060791, 0.03124690055847168, 0.0312497615814209, 0.03216886520385742, 0.03109264373779297, 0.03203582763671875, 0.031911611557006836, 0.03149080276489258, 0.03208780288696289, 0.0364527702331543, 0.03599405288696289, 0.03633236885070801, 0.0361325740814209, 0.035169363021850586, 0.0356905460357666, 0.03534412384033203, 0.03506064414978027, 0.03331398963928223, 0.035883426666259766, 0.03559064865112305, 0.03724312782287598, 0.037641048431396484, 0.03746986389160156, 0.036924123764038086, 0.037111520767211914
0.03875303268432617, 0.03624916076660156, 0.03474307060241699, 0.032242536544799805, 0.03351783752441406, 0.03383493423461914, 0.03348398208618164, 0.03379249572753906, 0.03256487846374512, 0.03255319595336914, 0.03316521644592285, 0.032891273498535156, 0.03275251388549805, 0.031647682189941406, 0.030979156494140625, 0.03108382225036621, 0.029883146286010742, 0.029499530792236328, 0.03030991554260254, 0.03022480010986328, 0.02933478355407715, 0.0288698673248291, 0.038503170013427734, 0.03898811340332031, 0.03626871109008789, 0.038274526596069336, 0.03862762451171875, 0.038596391677856445, 0.03819775581359863, 0.038223981857299805, 0.04007101058959961, 0.03823351860046387
0.039545536041259766, 0.03739809989929199, 0.03669476509094238, 0.033493757247924805, 0.03472328186035156, 0.03434944152832031, 0.03400850296020508, 0.03360342979431152, 0.03327631950378418, 0.031905174255371094, 0.032701969146728516, 0.03248310089111328, 0.03271794319152832, 0.03467249870300293, 0.03390669822692871, 0.0340571403503418, 0.03215599060058594, 0.03261089324951172, 0.03319716453552246, 0.03406357765197754, 0.03351235389709473, 0.04189300537109375, 0.04006171226501465, 0.03973960876464844, 0.03975033760070801, 0.040711164474487305, 0.04049420356750488, 0.03985881805419922, 0.039679527282714844, 0.04070138931274414, 0.039604902267456055, 0.040064334869384766
0.03701186180114746, 0.03649187088012695, 0.03633284568786621, 0.03449726104736328, 0.03399252891540527, 0.03322553634643555, 0.033159732818603516, 0.03290820121765137, 0.0323944091796875, 0.032599449157714844, 0.0328526496887207, 0.03335905075073242, 0.03327155113220215, 0.03214550018310547, 0.03275704383850098, 0.033097267150878906, 0.03432488441467285, 0.038236379623413086, 0.03783082962036133, 0.03791379928588867, 0.03738880157470703, 0.03741335868835449, 0.03789401054382324, 0.037850379943847656, 0.036145687103271484, 0.03983807563781738, 0.038825273513793945, 0.037966012954711914, 0.038362741470336914, 0.044289350509643555, 0.04012036323547363, 0.043395042419433594
0.0345463752746582, 0.03127121925354004, 0.030396699905395508, 0.030652999877929688, 0.030424118041992188, 0.029938220977783203, 0.030055522918701172, 0.030556201934814453, 0.03012251853942871, 0.029761552810668945, 0.029145002365112305, 0.027976274490356445, 0.027916669845581055, 0.028169870376586914, 0.028562068939208984, 0.028339862823486328, 0.02706289291381836, 0.028098106384277344, 0.02743697166442871, 0.027758121490478516, 0.028171777725219727, 0.03158903121948242, 0.027945995330810547, 0.02805781364440918, 0.03538775444030762, 0.04036593437194824, 0.04015541076660156, 0.03822135925292969, 0.03893685340881348, 0.03853273391723633, 0.03809046745300293, 0.04043769836425781
0.041303396224975586, 0.03558969497680664, 0.03456258773803711, 0.03284001350402832, 0.03289604187011719, 0.0340120792388916, 0.032721757888793945, 0.03190445899963379, 0.03279685974121094, 0.03179144859313965, 0.03331947326660156, 0.03296828269958496, 0.03229832649230957, 0.031796932220458984, 0.03093099594116211, 0.03134584426879883, 0.03113698959350586, 0.029682397842407227, 0.029478788375854492, 0.030100345611572266, 0.029764413833618164, 0.03017258644104004, 0.038865089416503906, 0.038355112075805664, 0.03682208061218262, 0.03858065605163574, 0.038011789321899414, 0.04057955741882324, 0.039980411529541016, 0.039618492126464844, 0.03953218460083008, 0.041442155838012695
0.03580474853515625, 0.033431053161621094, 0.03230595588684082, 0.032464027404785156, 0.03211617469787598, 0.032500267028808594, 0.03164553642272949, 0.031809091567993164, 0.031914710998535156, 0.03148078918457031, 0.03284478187561035, 0.03328871726989746, 0.032270193099975586, 0.03192448616027832, 0.03174614906311035, 0.032537221908569336, 0.029666900634765625, 0.037401437759399414, 0.03888702392578125, 0.03878974914550781, 0.03775215148925781, 0.037085771560668945, 0.037297964096069336, 0.03757762908935547, 0.03845572471618652, 0.03770804405212402, 0.03779959678649902, 0.052789926528930664, 0.039511680603027344, 0.03918719291687012, 0.038961172103881836, 0.041059255599975586

fnn:
0.041719675064086914, 0.04076361656188965, 0.041579484939575195, 0.04548931121826172, 0.04036211967468262, 0.04075264930725098, 0.04113459587097168, 0.04129815101623535, 0.04188251495361328, 0.04579663276672363, 0.04318666458129883, 0.0426025390625, 0.04178595542907715, 0.04237532615661621, 0.04261422157287598, 0.044016361236572266, 0.044033050537109375, 0.04555058479309082, 0.04423165321350098, 0.04013991355895996, 0.05967259407043457, 0.059075117111206055, 0.06060934066772461, 0.061113834381103516, 0.06070876121520996, 0.06106114387512207, 0.06110572814941406, 0.06024813652038574, 0.062029361724853516, 0.06285905838012695, 0.06255292892456055, 0.07027959823608398
0.11836075782775879, 0.11893200874328613, 0.1200859546661377, 0.1199502944946289, 0.1174626350402832, 0.1179494857788086, 0.11890196800231934, 0.11798524856567383, 0.11873102188110352, 0.12068748474121094, 0.11883807182312012, 0.11823844909667969, 0.11933016777038574, 0.11994576454162598, 0.12241792678833008, 0.12268638610839844, 0.12441802024841309, 0.12422728538513184, 0.1279892921447754, 0.12493467330932617, 0.12560677528381348, 0.12540984153747559, 0.1540215015411377, 0.1558535099029541, 0.15697526931762695, 0.1551358699798584, 0.15449857711791992, 0.14924240112304688, 0.15003395080566406, 0.14991974830627441, 0.15352559089660645, 0.15347528457641602
0.04484438896179199, 0.04421663284301758, 0.04435420036315918, 0.044306039810180664, 0.0433502197265625, 0.04286956787109375, 0.04270505905151367, 0.04296445846557617, 0.04259037971496582, 0.04358863830566406, 0.04374098777770996, 0.04193472862243652, 0.040616512298583984, 0.04123497009277344, 0.04136800765991211, 0.04266691207885742, 0.042566776275634766, 0.041357994079589844, 0.0414280891418457, 0.04075217247009277, 0.043771982192993164, 0.04214334487915039, 0.04300498962402344, 0.05169939994812012, 0.058791160583496094, 0.05615830421447754, 0.05802345275878906, 0.0575563907623291, 0.057538509368896484, 0.06078028678894043, 0.05872917175292969, 0.06042075157165527
0.10805082321166992, 0.10855364799499512, 0.1076209545135498, 0.10975384712219238, 0.10807037353515625, 0.1075584888458252, 0.10874104499816895, 0.10888051986694336, 0.11084699630737305, 0.10984635353088379, 0.11264681816101074, 0.11015772819519043, 0.11069345474243164, 0.11039209365844727, 0.11208319664001465, 0.10244965553283691, 0.12708353996276855, 0.12747502326965332, 0.1282057762145996, 0.1287860870361328, 0.12722516059875488, 0.1259763240814209, 0.12607741355895996, 0.1248321533203125, 0.12715888023376465, 0.1271224021911621, 0.13292551040649414, 0.12786626815795898, 0.1285412311553955, 0.1304006576538086, 0.12838435173034668, 0.12831902503967285
0.13125252723693848, 0.1320970058441162, 0.12526822090148926, 0.13043880462646484, 0.13130664825439453, 0.13182759284973145, 0.13360238075256348, 0.12986040115356445, 0.12978529930114746, 0.13047027587890625, 0.13266491889953613, 0.13296866416931152, 0.12928175926208496, 0.12593460083007812, 0.1258223056793213, 0.1272730827331543, 0.12547945976257324, 0.12508916854858398, 0.12542462348937988, 0.12240099906921387, 0.12063264846801758, 0.1283102035522461, 0.1526780128479004, 0.15243959426879883, 0.1528453826904297, 0.15099692344665527, 0.15306806564331055, 0.15298247337341309, 0.14960312843322754, 0.1529538631439209, 0.15227556228637695, 0.15253305435180664
0.12532496452331543, 0.1251237392425537, 0.12668681144714355, 0.12670516967773438, 0.1256108283996582, 0.1281569004058838, 0.13026976585388184, 0.12981247901916504, 0.13257098197937012, 0.12492084503173828, 0.12850356101989746, 0.12732505798339844, 0.13209104537963867, 0.13251900672912598, 0.13369989395141602, 0.13234400749206543, 0.12849736213684082, 0.13051915168762207, 0.13024258613586426, 0.12987589836120605, 0.12391018867492676, 0.15479707717895508, 0.1544947624206543, 0.15462851524353027, 0.15480995178222656, 0.1550459861755371, 0.1528618335723877, 0.15563011169433594, 0.15512633323669434, 0.1545102596282959, 0.152679443359375, 0.15073561668395996
0.13237762451171875, 0.13175559043884277, 0.13212132453918457, 0.1352221965789795, 0.13088059425354004, 0.12952303886413574, 0.1263418197631836, 0.12835311889648438, 0.12783145904541016, 0.13000702857971191, 0.13050341606140137, 0.13029909133911133, 0.12975215911865234, 0.12766194343566895, 0.12750005722045898, 0.1271042823791504, 0.1496424674987793, 0.1497187614440918, 0.15040087699890137, 0.15035796165466309, 0.14870381355285645, 0.1505589485168457, 0.14878034591674805, 0.1473245620727539, 0.15230441093444824, 0.15231800079345703, 0.15493512153625488, 0.15145468711853027, 0.1509246826171875, 0.15322351455688477, 0.15612268447875977, 0.1553027629852295
0.1225733757019043, 0.12324047088623047, 0.12079620361328125, 0.11609816551208496, 0.11928153038024902, 0.1176142692565918, 0.11911916732788086, 0.11819648742675781, 0.11762809753417969, 0.11654543876647949, 0.11135578155517578, 0.11282634735107422, 0.11272764205932617, 0.11262893676757812, 0.11354470252990723, 0.11052250862121582, 0.10995984077453613, 0.11010336875915527, 0.11080098152160645, 0.10981988906860352, 0.10980939865112305, 0.11164164543151855, 0.1073455810546875, 0.09858441352844238, 0.15285587310791016, 0.15465235710144043, 0.1536884307861328, 0.15210556983947754, 0.15269804000854492, 0.1523451805114746, 0.15042853355407715, 0.15281987190246582
0.12373161315917969, 0.12400603294372559, 0.12588787078857422, 0.13205933570861816, 0.1326608657836914, 0.13093900680541992, 0.12888550758361816, 0.1290121078491211, 0.12961888313293457, 0.12919878959655762, 0.13201522827148438, 0.13215208053588867, 0.12582826614379883, 0.125579833984375, 0.12535309791564941, 0.12820863723754883, 0.12708806991577148, 0.12765979766845703, 0.1276383399963379, 0.12760424613952637, 0.12583112716674805, 0.1545853614807129, 0.14967989921569824, 0.14975380897521973, 0.15053153038024902, 0.15388274192810059, 0.15271496772766113, 0.15481138229370117, 0.15405631065368652, 0.14965438842773438, 0.15229153633117676, 0.15783190727233887
0.12289237976074219, 0.12289142608642578, 0.12506818771362305, 0.12270641326904297, 0.12422370910644531, 0.12356352806091309, 0.12417769432067871, 0.1240084171295166, 0.1255795955657959, 0.12663817405700684, 0.13060259819030762, 0.12823057174682617, 0.1256248950958252, 0.1261310577392578, 0.12721872329711914, 0.12657928466796875, 0.1415102481842041, 0.1517326831817627, 0.1527080535888672, 0.15224432945251465, 0.1489708423614502, 0.14950895309448242, 0.14988255500793457, 0.15165042877197266, 0.1514575481414795, 0.15184330940246582, 0.1568450927734375, 0.15262436866760254, 0.15234923362731934, 0.15229415893554688, 0.15422964096069336, 0.15796184539794922

MPT
attn:
0.05951499938964844, 0.04833221435546875, 0.04915666580200195, 0.048921823501586914, 0.04747295379638672, 0.04812908172607422, 0.04750967025756836, 0.049739837646484375, 0.04864192008972168, 0.04799985885620117, 0.04695415496826172, 0.04726266860961914, 0.047020673751831055, 0.04612445831298828, 0.05737805366516113, 0.05948281288146973, 0.0581355094909668, 0.0584409236907959, 0.05854463577270508, 0.059578657150268555, 0.05932450294494629, 0.059667110443115234, 0.05875229835510254, 0.060488224029541016, 0.059865474700927734, 0.05998539924621582, 0.05966019630432129, 0.05957150459289551, 0.05940747261047363, 0.05845761299133301, 0.05879807472229004, 0.06056976318359375
0.0554041862487793, 0.05097365379333496, 0.04983949661254883, 0.049605607986450195, 0.05116152763366699, 0.04951047897338867, 0.04877448081970215, 0.04865550994873047, 0.04881405830383301, 0.04876971244812012, 0.047849178314208984, 0.04825186729431152, 0.04805803298950195, 0.04819154739379883, 0.04855680465698242, 0.04751992225646973, 0.047821760177612305, 0.0475926399230957, 0.04938840866088867, 0.04801654815673828, 0.04750466346740723, 0.05804586410522461, 0.058124542236328125, 0.058467864990234375, 0.05715203285217285, 0.057482004165649414, 0.058515071868896484, 0.06061720848083496, 0.05731058120727539, 0.058777570724487305, 0.058349609375, 0.0579984188079834
0.05372357368469238, 0.04525113105773926, 0.04404425621032715, 0.04418635368347168, 0.043947458267211914, 0.045775413513183594, 0.04351186752319336, 0.048236846923828125, 0.0438077449798584, 0.04465460777282715, 0.0440676212310791, 0.04521012306213379, 0.045685768127441406, 0.04386544227600098, 0.04343605041503906, 0.04373359680175781, 0.04314613342285156, 0.043648719787597656, 0.04416513442993164, 0.04329228401184082, 0.04363441467285156, 0.04300522804260254, 0.03635048866271973, 0.05738520622253418, 0.05639195442199707, 0.05662107467651367, 0.057061195373535156, 0.057050228118896484, 0.057993173599243164, 0.05978727340698242, 0.06097412109375, 0.058869123458862305
0.052465200424194336, 0.049588918685913086, 0.04849648475646973, 0.047273874282836914, 0.04801011085510254, 0.04723358154296875, 0.04739665985107422, 0.0469512939453125, 0.0472712516784668, 0.04662370681762695, 0.045819997787475586, 0.04800581932067871, 0.047345638275146484, 0.046842336654663086, 0.04780864715576172, 0.048490285873413086, 0.049399375915527344, 0.04745197296142578, 0.04730701446533203, 0.04781603813171387, 0.047823190689086914, 0.05802154541015625, 0.05894207954406738, 0.05970311164855957, 0.05887460708618164, 0.058434486389160156, 0.05945444107055664, 0.05846118927001953, 0.05926108360290527, 0.05895519256591797, 0.05968022346496582, 0.06069350242614746
0.0561375617980957, 0.04937577247619629, 0.05067706108093262, 0.050298452377319336, 0.05037641525268555, 0.04791545867919922, 0.04754137992858887, 0.04767942428588867, 0.04688119888305664, 0.046547651290893555, 0.04742264747619629, 0.04771304130554199, 0.04677844047546387, 0.046076297760009766, 0.047544002532958984, 0.04719829559326172, 0.04731416702270508, 0.04620099067687988, 0.046132564544677734, 0.04578280448913574, 0.04518747329711914, 0.0433659553527832, 0.05964255332946777, 0.05847764015197754, 0.05799269676208496, 0.057997941970825195, 0.058689117431640625, 0.058116912841796875, 0.05867266654968262, 0.0578770637512207, 0.05824875831604004, 0.06031656265258789
0.0570530891418457, 0.047626495361328125, 0.04648780822753906, 0.046808481216430664, 0.04648327827453613, 0.04670262336730957, 0.04635047912597656, 0.04663395881652832, 0.04587292671203613, 0.04550337791442871, 0.04611515998840332, 0.04668259620666504, 0.0462801456451416, 0.04721784591674805, 0.044029951095581055, 0.05867457389831543, 0.05751776695251465, 0.06023550033569336, 0.057959556579589844, 0.05858302116394043, 0.05853009223937988, 0.05911755561828613, 0.058895111083984375, 0.058737754821777344, 0.059465646743774414, 0.0589296817779541, 0.06096148490905762, 0.05937933921813965, 0.06159615516662598, 0.06025576591491699, 0.06191086769104004, 0.059358835220336914
0.03437209129333496, 0.02207183837890625, 0.02245783805847168, 0.022658109664916992, 0.022865772247314453, 0.02261185646057129, 0.02229166030883789, 0.022367477416992188, 0.022962093353271484, 0.023569345474243164, 0.023721933364868164, 0.023485898971557617, 0.02419757843017578, 0.024648189544677734, 0.022809982299804688, 0.02916264533996582, 0.02948141098022461, 0.029488325119018555, 0.030009746551513672, 0.029925107955932617, 0.0304110050201416, 0.030231952667236328, 0.03050088882446289, 0.029958248138427734, 0.031134605407714844, 0.03116130828857422, 0.031346797943115234, 0.029874086380004883, 0.030779600143432617, 0.03812980651855469, 0.03758096694946289, 0.03878664970397949
0.05417156219482422, 0.04903244972229004, 0.047773122787475586, 0.04861640930175781, 0.048485517501831055, 0.048769474029541016, 0.048501014709472656, 0.048874616622924805, 0.04860949516296387, 0.04912877082824707, 0.047254323959350586, 0.04809856414794922, 0.047011613845825195, 0.04699969291687012, 0.049039602279663086, 0.048032283782958984, 0.048918962478637695, 0.04677772521972656, 0.047103166580200195, 0.04645538330078125, 0.04647326469421387, 0.0357053279876709, 0.05474734306335449, 0.056990623474121094, 0.05704855918884277, 0.0563960075378418, 0.05767464637756348, 0.05726814270019531, 0.05829811096191406, 0.05731320381164551, 0.05740070343017578, 0.05817246437072754
0.02816176414489746, 0.020810365676879883, 0.021344900131225586, 0.020745515823364258, 0.02108931541442871, 0.02081894874572754, 0.020102977752685547, 0.02023148536682129, 0.021311283111572266, 0.021462202072143555, 0.021712064743041992, 0.02152252197265625, 0.021489381790161133, 0.022029876708984375, 0.02165818214416504, 0.021167516708374023, 0.029595375061035156, 0.029201507568359375, 0.03017401695251465, 0.03030252456665039, 0.03061962127685547, 0.030417680740356445, 0.03065776824951172, 0.03096914291381836, 0.030476808547973633, 0.0315709114074707, 0.030704498291015625, 0.03175783157348633, 0.03294491767883301, 0.03198695182800293, 0.045728206634521484, 0.03800010681152344
0.05094718933105469, 0.04678750038146973, 0.04715251922607422, 0.046672821044921875, 0.04384803771972656, 0.045279741287231445, 0.0442655086517334, 0.0448451042175293, 0.04472517967224121, 0.045113563537597656, 0.04485726356506348, 0.043029069900512695, 0.04263925552368164, 0.04382967948913574, 0.044648170471191406, 0.042839765548706055, 0.055524587631225586, 0.05722212791442871, 0.0558927059173584, 0.05576896667480469, 0.0561978816986084, 0.05720114707946777, 0.056983232498168945, 0.057158708572387695, 0.05861353874206543, 0.05789375305175781, 0.05750679969787598, 0.05774426460266113, 0.0580289363861084, 0.059082746505737305, 0.05861854553222656, 0.05819249153137207

ffn:
0.11046886444091797, 0.10541725158691406, 0.10559988021850586, 0.10509562492370605, 0.10345292091369629, 0.10364007949829102, 0.10570859909057617, 0.10634970664978027, 0.1057889461517334, 0.10370397567749023, 0.1054539680480957, 0.10613417625427246, 0.10547876358032227, 0.10022354125976562, 0.13187909126281738, 0.13164329528808594, 0.13028287887573242, 0.13045167922973633, 0.1312098503112793, 0.1305854320526123, 0.12929105758666992, 0.12892484664916992, 0.12876558303833008, 0.1325855255126953, 0.13144230842590332, 0.13015389442443848, 0.13111376762390137, 0.1327817440032959, 0.13406610488891602, 0.132918119430542, 0.13182616233825684, 0.13361787796020508
0.10980772972106934, 0.10793900489807129, 0.1099698543548584, 0.11131930351257324, 0.10748457908630371, 0.10681939125061035, 0.10567045211791992, 0.10726356506347656, 0.10736465454101562, 0.10426497459411621, 0.10779500007629395, 0.10659098625183105, 0.10632681846618652, 0.10822129249572754, 0.10523223876953125, 0.10733318328857422, 0.10892391204833984, 0.10832071304321289, 0.11218595504760742, 0.10642838478088379, 0.1302177906036377, 0.12950682640075684, 0.13081860542297363, 0.12425947189331055, 0.12697458267211914, 0.12706708908081055, 0.1300334930419922, 0.12840700149536133, 0.12759065628051758, 0.1312096118927002, 0.13117313385009766, 0.12824201583862305
0.09894895553588867, 0.09808707237243652, 0.09902787208557129, 0.09870362281799316, 0.09867429733276367, 0.09536528587341309, 0.09592413902282715, 0.0965876579284668, 0.09707498550415039, 0.09828329086303711, 0.09810876846313477, 0.10157132148742676, 0.10063815116882324, 0.09719181060791016, 0.0974721908569336, 0.09728789329528809, 0.09815835952758789, 0.09804344177246094, 0.1002047061920166, 0.09800457954406738, 0.0987548828125, 0.09838461875915527, 0.12771368026733398, 0.12299156188964844, 0.12608766555786133, 0.12623167037963867, 0.12830066680908203, 0.12771892547607422, 0.1327381134033203, 0.13132524490356445, 0.12998509407043457, 0.12837934494018555
0.10706019401550293, 0.10686278343200684, 0.10605454444885254, 0.10426616668701172, 0.1039724349975586, 0.10299897193908691, 0.1036527156829834, 0.10336470603942871, 0.10327267646789551, 0.10220217704772949, 0.10427522659301758, 0.10673356056213379, 0.10631060600280762, 0.10563158988952637, 0.107513427734375, 0.10646438598632812, 0.10801386833190918, 0.10808587074279785, 0.10918593406677246, 0.10787820816040039, 0.09154343605041504, 0.12925338745117188, 0.12975001335144043, 0.12604856491088867, 0.12932467460632324, 0.13012027740478516, 0.12970185279846191, 0.1311490535736084, 0.13043808937072754, 0.13112616539001465, 0.13152670860290527, 0.1302170753479004
0.1092386245727539, 0.11275768280029297, 0.11203932762145996, 0.10941338539123535, 0.10921359062194824, 0.10773801803588867, 0.10803937911987305, 0.10604643821716309, 0.10520267486572266, 0.10583114624023438, 0.10522699356079102, 0.10576462745666504, 0.10444164276123047, 0.10565900802612305, 0.10726690292358398, 0.1049954891204834, 0.10531091690063477, 0.10571718215942383, 0.10561609268188477, 0.10620832443237305, 0.09889531135559082, 0.1261763572692871, 0.12656116485595703, 0.12327790260314941, 0.1271495819091797, 0.12656831741333008, 0.1268763542175293, 0.12725162506103516, 0.12739133834838867, 0.12780284881591797, 0.12836647033691406, 0.13051199913024902
0.10760736465454102, 0.10573792457580566, 0.10229015350341797, 0.10265040397644043, 0.10196709632873535, 0.1026761531829834, 0.10395240783691406, 0.10565400123596191, 0.10219311714172363, 0.10142731666564941, 0.10249137878417969, 0.10441899299621582, 0.10509729385375977, 0.10073614120483398, 0.11400985717773438, 0.12998294830322266, 0.130279541015625, 0.13001799583435059, 0.13215065002441406, 0.13174057006835938, 0.13049864768981934, 0.13038873672485352, 0.13126707077026367, 0.13289690017700195, 0.1305551528930664, 0.14621186256408691, 0.13336181640625, 0.1331169605255127, 0.1349027156829834, 0.1343543529510498, 0.1335763931274414, 0.13381648063659668
0.04352092742919922, 0.04345297813415527, 0.04257345199584961, 0.04346585273742676, 0.0424497127532959, 0.04254889488220215, 0.04138779640197754, 0.04448747634887695, 0.04412126541137695, 0.043433427810668945, 0.04375886917114258, 0.04551124572753906, 0.04305124282836914, 0.044950246810913086, 0.04961395263671875, 0.058474063873291016, 0.05803370475769043, 0.05813407897949219, 0.05826234817504883, 0.05769610404968262, 0.05799746513366699, 0.05749702453613281, 0.057237863540649414, 0.05878043174743652, 0.0596776008605957, 0.05934453010559082, 0.057708740234375, 0.05708956718444824, 0.08172464370727539, 0.06983375549316406, 0.07193398475646973, 0.07227754592895508
0.11233305931091309, 0.10840964317321777, 0.10900616645812988, 0.10976672172546387, 0.10830426216125488, 0.10779118537902832, 0.10843849182128906, 0.10693478584289551, 0.10953545570373535, 0.10976266860961914, 0.10730886459350586, 0.10537481307983398, 0.10450363159179688, 0.10579109191894531, 0.10965800285339355, 0.10828900337219238, 0.10746288299560547, 0.1047213077545166, 0.10565876960754395, 0.10548830032348633, 0.10960268974304199, 0.12407851219177246, 0.12586331367492676, 0.12381935119628906, 0.12661147117614746, 0.1268634796142578, 0.12901878356933594, 0.1275787353515625, 0.12824320793151855, 0.1301736831665039, 0.12906622886657715, 0.12743759155273438
0.041905879974365234, 0.04070448875427246, 0.03987526893615723, 0.03954124450683594, 0.03912854194641113, 0.03858637809753418, 0.038887739181518555, 0.03961348533630371, 0.04159688949584961, 0.04275918006896973, 0.04051780700683594, 0.040192365646362305, 0.041582345962524414, 0.041732072830200195, 0.03947114944458008, 0.05727577209472656, 0.05744218826293945, 0.058118581771850586, 0.05896878242492676, 0.05922698974609375, 0.05868649482727051, 0.0584259033203125, 0.05772113800048828, 0.0570523738861084, 0.0617985725402832, 0.06037187576293945, 0.05985689163208008, 0.06096291542053223, 0.06263566017150879, 0.07266378402709961, 0.0735466480255127, 0.07371401786804199
0.10408449172973633, 0.10300302505493164, 0.10204792022705078, 0.09817624092102051, 0.09588217735290527, 0.09737849235534668, 0.09759020805358887, 0.09839844703674316, 0.10108757019042969, 0.10057282447814941, 0.0991818904876709, 0.09676551818847656, 0.09766077995300293, 0.09823322296142578, 0.09638810157775879, 0.10281038284301758, 0.12661075592041016, 0.12854886054992676, 0.128190279006958, 0.12619233131408691, 0.12777209281921387, 0.1296401023864746, 0.12727117538452148, 0.12355852127075195, 0.12822222709655762, 0.12749409675598145, 0.12816071510314941, 0.12755084037780762, 0.14719414710998535, 0.1322493553161621, 0.131819486618042, 0.13298726081848145

Orac-mini
attn:
0.014134407043457031, 0.01174020767211914, 0.011450767517089844, 0.011403322219848633, 0.011309623718261719, 0.011285781860351562, 0.011155366897583008, 0.010560274124145508, 0.010487556457519531, 0.010374069213867188, 0.010513067245483398, 0.00990605354309082, 0.00914311408996582, 0.00916290283203125, 0.008430957794189453, 0.008558511734008789, 0.008530378341674805, 0.00902557373046875, 0.008857965469360352, 0.008401632308959961, 0.008710622787475586, 0.008651971817016602, 0.00846242904663086, 0.008468151092529297, 0.008972644805908203, 0.008947372436523438
0.014246940612792969, 0.011546611785888672, 0.011175394058227539, 0.011304378509521484, 0.011339664459228516, 0.011264562606811523, 0.01123952865600586, 0.01040339469909668, 0.010319232940673828, 0.01020956039428711, 0.01055455207824707, 0.009907960891723633, 0.009108781814575195, 0.008962631225585938, 0.008394718170166016, 0.007468223571777344, 0.008203268051147461, 0.007803440093994141, 0.007742643356323242, 0.008513927459716797, 0.008846759796142578, 0.00896143913269043, 0.00874185562133789, 0.008609533309936523, 0.009240388870239258, 0.009156942367553711
0.018589019775390625, 0.016628503799438477, 0.015863895416259766, 0.015918493270874023, 0.016018152236938477, 0.015909194946289062, 0.016208648681640625, 0.014612436294555664, 0.01457667350769043, 0.014191389083862305, 0.014595985412597656, 0.014038562774658203, 0.013252973556518555, 0.012497901916503906, 0.011342287063598633, 0.0106964111328125, 0.011196136474609375, 0.010772943496704102, 0.010828495025634766, 0.011771678924560547, 0.011868476867675781, 0.011655807495117188, 0.01145625114440918, 0.011227607727050781, 0.01199030876159668, 0.011969566345214844
0.018784046173095703, 0.016831398010253906, 0.01718616485595703, 0.015964269638061523, 0.01567673683166504, 0.015597820281982422, 0.015288352966308594, 0.014554500579833984, 0.014308929443359375, 0.013927936553955078, 0.014566421508789062, 0.013395547866821289, 0.01252293586730957, 0.011986017227172852, 0.011118412017822266, 0.010394096374511719, 0.010715007781982422, 0.010556221008300781, 0.010477304458618164, 0.011247873306274414, 0.011728048324584961, 0.011820793151855469, 0.011468887329101562, 0.01146078109741211, 0.012087106704711914, 0.012108325958251953
0.01656508445739746, 0.014592170715332031, 0.014232873916625977, 0.014995336532592773, 0.01474452018737793, 0.014702558517456055, 0.015043497085571289, 0.013855934143066406, 0.013696432113647461, 0.013567924499511719, 0.013822555541992188, 0.013355731964111328, 0.012330055236816406, 0.01158452033996582, 0.010840654373168945, 0.009131908416748047, 0.009630203247070312, 0.00943899154663086, 0.009165763854980469, 0.010323524475097656, 0.010050296783447266, 0.01035618782043457, 0.009888172149658203, 0.010039567947387695, 0.010958194732666016, 0.010765314102172852
0.017386674880981445, 0.01405191421508789, 0.013432741165161133, 0.018678665161132812, 0.014219045639038086, 0.01388239860534668, 0.013852357864379883, 0.013104438781738281, 0.012971878051757812, 0.012697458267211914, 0.013105154037475586, 0.012560606002807617, 0.011190414428710938, 0.011022329330444336, 0.009884834289550781, 0.00949859619140625, 0.010083436965942383, 0.009592771530151367, 0.009409189224243164, 0.010002374649047852, 0.010776996612548828, 0.010420083999633789, 0.010168313980102539, 0.010364055633544922, 0.010661840438842773, 0.010566949844360352
0.01602315902709961, 0.014391422271728516, 0.01384735107421875, 0.01925182342529297, 0.013959407806396484, 0.013663053512573242, 0.013501644134521484, 0.012681245803833008, 0.012839317321777344, 0.012802362442016602, 0.012660503387451172, 0.012432336807250977, 0.011830806732177734, 0.01112818717956543, 0.010495662689208984, 0.009668350219726562, 0.010139226913452148, 0.009962320327758789, 0.009862899780273438, 0.010751008987426758, 0.011007070541381836, 0.011186838150024414, 0.010910749435424805, 0.010739326477050781, 0.011382341384887695, 0.011283397674560547
0.019393444061279297, 0.01700735092163086, 0.01647019386291504, 0.0167081356048584, 0.016756772994995117, 0.016511201858520508, 0.016857147216796875, 0.015004873275756836, 0.015027761459350586, 0.014618396759033203, 0.0149688720703125, 0.014403343200683594, 0.013540267944335938, 0.012973546981811523, 0.012062549591064453, 0.011529922485351562, 0.012206792831420898, 0.011718511581420898, 0.012033462524414062, 0.012064695358276367, 0.012954235076904297, 0.013330221176147461, 0.013125181198120117, 0.013087272644042969, 0.014069318771362305, 0.013852834701538086
0.02234482765197754, 0.01394200325012207, 0.012335538864135742, 0.012569189071655273, 0.0124053955078125, 0.012505292892456055, 0.012291431427001953, 0.011576414108276367, 0.011681795120239258, 0.01127481460571289, 0.011636734008789062, 0.010924577713012695, 0.010320901870727539, 0.009837865829467773, 0.009667158126831055, 0.008992433547973633, 0.009244918823242188, 0.008929014205932617, 0.008859634399414062, 0.009342432022094727, 0.009574174880981445, 0.009941577911376953, 0.009745121002197266, 0.00987863540649414, 0.010323047637939453, 0.010210752487182617
0.015097618103027344, 0.012997627258300781, 0.012030601501464844, 0.012120962142944336, 0.012556076049804688, 0.012247800827026367, 0.012202024459838867, 0.011173486709594727, 0.011059999465942383, 0.011497735977172852, 0.011890172958374023, 0.011667490005493164, 0.011030912399291992, 0.010894060134887695, 0.010682106018066406, 0.010004997253417969, 0.010523080825805664, 0.009811878204345703, 0.009532928466796875, 0.010182619094848633, 0.01067352294921875, 0.01067805290222168, 0.010357379913330078, 0.010264396667480469, 0.011163711547851562, 0.0110352039337158

ffn:
0.021904706954956055, 0.021329641342163086, 0.021076440811157227, 0.02097630500793457, 0.020852088928222656, 0.020941972732543945, 0.01984858512878418, 0.019042015075683594, 0.01904463768005371, 0.018521785736083984, 0.019421100616455078, 0.016757488250732422, 0.015642881393432617, 0.015616893768310547, 0.01595473289489746, 0.016191720962524414, 0.016092300415039062, 0.016765117645263672, 0.01573657989501953, 0.015131473541259766, 0.015049219131469727, 0.015274763107299805, 0.015027999877929688, 0.015376806259155273, 0.015752315521240234, 0.015753984451293945
0.02254629135131836, 0.021161317825317383, 0.021196842193603516, 0.022118330001831055, 0.020983457565307617, 0.021134138107299805, 0.02106499671936035, 0.01956653594970703, 0.019118309020996094, 0.01871323585510254, 0.019585609436035156, 0.01708197593688965, 0.01676630973815918, 0.016510963439941406, 0.013919353485107422, 0.01386880874633789, 0.014632463455200195, 0.014243125915527344, 0.014963388442993164, 0.01620316505432129, 0.0162966251373291, 0.016382455825805664, 0.0159304141998291, 0.01648235321044922, 0.016945362091064453, 0.01698470115661621
0.031853437423706055, 0.03089165687561035, 0.03068399429321289, 0.030517101287841797, 0.030625104904174805, 0.032715797424316406, 0.028760910034179688, 0.027786731719970703, 0.02770376205444336, 0.027034282684326172, 0.027910709381103516, 0.025441408157348633, 0.022632837295532227, 0.02288651466369629, 0.019745349884033203, 0.01997661590576172, 0.02099752426147461, 0.020046234130859375, 0.020921707153320312, 0.022428274154663086, 0.021901369094848633, 0.02201247215270996, 0.02097797393798828, 0.021923542022705078, 0.022631168365478516, 0.023154258728027344
0.03231954574584961, 0.03144407272338867, 0.031040430068969727, 0.030580997467041016, 0.030217647552490234, 0.030217647552490234, 0.028095006942749023, 0.028361797332763672, 0.027504920959472656, 0.026493310928344727, 0.027375221252441406, 0.024622678756713867, 0.022221803665161133, 0.02287006378173828, 0.02011251449584961, 0.019901514053344727, 0.020767688751220703, 0.020017385482788086, 0.02073383331298828, 0.02220916748046875, 0.022310972213745117, 0.02258753776550293, 0.021608352661132812, 0.022984743118286133, 0.02320098876953125, 0.02346038818359375
0.027879953384399414, 0.027389049530029297, 0.02776646614074707, 0.028430700302124023, 0.02842569351196289, 0.03103470802307129, 0.02684926986694336, 0.02619624137878418, 0.026292800903320312, 0.025712966918945312, 0.02650165557861328, 0.024196147918701172, 0.02186131477355957, 0.021893739700317383, 0.017607688903808594, 0.01723957061767578, 0.017861604690551758, 0.017034530639648438, 0.01829051971435547, 0.019153594970703125, 0.019213438034057617, 0.019008159637451172, 0.01851367950439453, 0.0196683406829834, 0.020261287689208984, 0.02080249786376953
0.025935888290405273, 0.02501845359802246, 0.025269746780395508, 0.026061058044433594, 0.024764060974121094, 0.02482128143310547, 0.023957252502441406, 0.022948503494262695, 0.022776365280151367, 0.022650718688964844, 0.022920846939086914, 0.021233081817626953, 0.019481420516967773, 0.019588470458984375, 0.017142534255981445, 0.016774654388427734, 0.017655611038208008, 0.016973257064819336, 0.017485618591308594, 0.018621444702148438, 0.01880788803100586, 0.018706083297729492, 0.018091201782226562, 0.018908023834228516, 0.019269943237304688, 0.01962423324584961
0.027993202209472656, 0.02646327018737793, 0.02608633041381836, 0.026153564453125, 0.026058197021484375, 0.025983095169067383, 0.025112628936767578, 0.023677587509155273, 0.025212526321411133, 0.02337503433227539, 0.02433156967163086, 0.02219867706298828, 0.02075362205505371, 0.021057605743408203, 0.018218994140625, 0.018100261688232422, 0.0187528133392334, 0.018526792526245117, 0.019301652908325195, 0.020441055297851562, 0.02048516273498535, 0.020624399185180664, 0.020253658294677734, 0.020828723907470703, 0.02146005630493164, 0.021610021591186523
0.03265523910522461, 0.03172874450683594, 0.032767534255981445, 0.031494140625, 0.03150534629821777, 0.03167247772216797, 0.029924869537353516, 0.028401851654052734, 0.028217792510986328, 0.027672529220581055, 0.028558969497680664, 0.02633070945739746, 0.02429676055908203, 0.024739742279052734, 0.02189350128173828, 0.02261805534362793, 0.02280712127685547, 0.022425413131713867, 0.02268218994140625, 0.024302005767822266, 0.02490234375, 0.02562236785888672, 0.025243759155273438, 0.0262603759765625, 0.026883602142333984, 0.026860713958740234
0.030827760696411133, 0.02399730682373047, 0.023741960525512695, 0.023577213287353516, 0.023664236068725586, 0.02359747886657715, 0.02274322509765625, 0.02161717414855957, 0.02179694175720215, 0.02069687843322754, 0.02188563346862793, 0.01981949806213379, 0.018252849578857422, 0.018250226974487305, 0.0168454647064209, 0.016858816146850586, 0.01693439483642578, 0.016337156295776367, 0.016857624053955078, 0.017596006393432617, 0.017950773239135742, 0.01858806610107422, 0.0177309513092041, 0.018752098083496094, 0.01913595199584961, 0.019154787063598633
0.02395009994506836, 0.02332925796508789, 0.022967100143432617, 0.024347305297851562, 0.023335695266723633, 0.02332139015197754, 0.022116899490356445, 0.020971059799194336, 0.021078824996948242, 0.021199941635131836, 0.02216958999633789, 0.020720243453979492, 0.019704580307006836, 0.01988983154296875, 0.018080949783325195, 0.01861429214477539, 0.018604278564453125, 0.017728328704833984, 0.018028974533081055, 0.019285202026367188, 0.019432544708251953, 0.019635438919067383, 0.01856398582458496, 0.019662857055664062, 0.020336389541625977, 0.020541667938232422

InternLM2
attn:
0.041429758071899414, 0.03139185905456543, 0.030864715576171875, 0.033315181732177734, 0.030373096466064453, 0.030197858810424805, 0.030409574508666992, 0.029951095581054688, 0.02920389175415039, 0.029343605041503906, 0.0307614803314209, 0.028127193450927734, 0.02868819236755371, 0.029119491577148438, 0.028792619705200195, 0.028506040573120117, 0.02768993377685547, 0.032276153564453125, 0.0322575569152832, 0.03170657157897949, 0.03152799606323242, 0.030638933181762695, 0.029509782791137695, 0.030120372772216797, 0.030287504196166992, 0.030352115631103516, 0.041474103927612305, 0.039260149002075195, 0.040148258209228516, 0.038780927658081055, 0.038088083267211914, 0.0393366813659668
0.0489811897277832, 0.03222966194152832, 0.031349897384643555, 0.029834270477294922, 0.029149293899536133, 0.028813838958740234, 0.023607254028320312, 0.02540135383605957, 0.02974867820739746, 0.030012130737304688, 0.031267404556274414, 0.03151822090148926, 0.030841350555419922, 0.03868842124938965, 0.031119823455810547, 0.03037285804748535, 0.030091047286987305, 0.02940821647644043, 0.030390262603759766, 0.03031444549560547, 0.03417158126831055, 0.04459118843078613, 0.04398155212402344, 0.04387640953063965, 0.046525001525878906, 0.0508418083190918, 0.034461259841918945, 0.03596210479736328, 0.0349879264831543, 0.03621673583984375, 0.03353595733642578, 0.03428339958190918
0.042883872985839844, 0.03228402137756348, 0.031069278717041016, 0.03580808639526367, 0.03558659553527832, 0.03563952445983887, 0.035941123962402344, 0.03468680381774902, 0.03490018844604492, 0.03461575508117676, 0.035230398178100586, 0.03562188148498535, 0.034529924392700195, 0.03287816047668457, 0.03195476531982422, 0.03190922737121582, 0.031832218170166016, 0.03062152862548828, 0.030612945556640625, 0.03047466278076172, 0.031211376190185547, 0.030605792999267578, 0.030691862106323242, 0.029144763946533203, 0.03521132469177246, 0.03622007369995117, 0.04085993766784668, 0.03567957878112793, 0.036477088928222656, 0.03530526161193848, 0.035103559494018555, 0.03389286994934082
0.044428110122680664, 0.03500175476074219, 0.03805875778198242, 0.03395366668701172, 0.04454517364501953, 0.03316354751586914, 0.03259468078613281, 0.031150102615356445, 0.03193473815917969, 0.03081536293029785, 0.03170037269592285, 0.030364513397216797, 0.03034663200378418, 0.030256271362304688, 0.031122207641601562, 0.029239654541015625, 0.030061721801757812, 0.030520915985107422, 0.030080318450927734, 0.02923727035522461, 0.029094696044921875, 0.029439210891723633, 0.027451753616333008, 0.028495073318481445, 0.0329890251159668, 0.03275036811828613, 0.03507804870605469, 0.033629417419433594, 0.03345537185668945, 0.032979726791381836, 0.034671783447265625, 0.032778263092041016
0.03978228569030762, 0.02919483184814453, 0.031235933303833008, 0.029219388961791992, 0.02866196632385254, 0.0279080867767334, 0.027947187423706055, 0.027515411376953125, 0.031109333038330078, 0.031519174575805664, 0.030736207962036133, 0.029482364654541016, 0.029050827026367188, 0.03000664710998535, 0.03009176254272461, 0.028659820556640625, 0.02930474281311035, 0.029760360717773438, 0.029586076736450195, 0.02934741973876953, 0.028885364532470703, 0.029698848724365234, 0.029180288314819336, 0.04325556755065918, 0.043308258056640625, 0.04978775978088379, 0.034775733947753906, 0.03274846076965332, 0.03351187705993652, 0.032349348068237305, 0.03299760818481445, 0.03344082832336426
0.02036881446838379, 0.011720657348632812, 0.011472463607788086, 0.011368036270141602, 0.011288642883300781, 0.011217594146728516, 0.011550188064575195, 0.011903524398803711, 0.01187276840209961, 0.01185917854309082, 0.011770486831665039, 0.014662027359008789, 0.012331485748291016, 0.012431859970092773, 0.02051854133605957, 0.021225452423095703, 0.021474123001098633, 0.021277904510498047, 0.02050924301147461, 0.0206606388092041, 0.020465850830078125, 0.02094745635986328, 0.020446300506591797, 0.021429777145385742, 0.022237300872802734, 0.020929336547851562, 0.020596027374267578, 0.022794008255004883, 0.023395061492919922, 0.024053335189819336, 0.02315974235534668, 0.02176833152770996
0.034150123596191406, 0.023256301879882812, 0.02265644073486328, 0.022354841232299805, 0.02128291130065918, 0.021729230880737305, 0.02132558822631836, 0.021099090576171875, 0.021092891693115234, 0.02105712890625, 0.020879507064819336, 0.02025890350341797, 0.020003557205200195, 0.020076513290405273, 0.019800186157226562, 0.021692514419555664, 0.020811080932617188, 0.019953250885009766, 0.01929330825805664, 0.019643068313598633, 0.02028489112854004, 0.019635438919067383, 0.020285844802856445, 0.020036697387695312, 0.020067930221557617, 0.020026683807373047, 0.04433703422546387, 0.04448199272155762, 0.04565906524658203, 0.04534196853637695, 0.04886221885681152, 0.03078746795654297
0.027919530868530273, 0.011050939559936523, 0.014225959777832031, 0.010767459869384766, 0.01058650016784668, 0.010296344757080078, 0.010570049285888672, 0.010588884353637695, 0.011418819427490234, 0.013649702072143555, 0.012062788009643555, 0.012092113494873047, 0.01181650161743164, 0.012018680572509766, 0.011912345886230469, 0.012093782424926758, 0.012142181396484375, 0.012318849563598633, 0.012691020965576172, 0.012338399887084961, 0.012597799301147461, 0.013551712036132812, 0.013169288635253906, 0.012187004089355469, 0.023620128631591797, 0.022630691528320312, 0.02173447608947754, 0.022219419479370117, 0.029915809631347656, 0.02948904037475586, 0.022586584091186523, 0.022151470184326172
0.03912830352783203, 0.028383493423461914, 0.02684617042541504, 0.029039621353149414, 0.027257442474365234, 0.025447845458984375, 0.025363445281982422, 0.025919198989868164, 0.024796009063720703, 0.023998498916625977, 0.024131059646606445, 0.024317026138305664, 0.02284407615661621, 0.023505449295043945, 0.023563623428344727, 0.024096965789794922, 0.024403095245361328, 0.028564929962158203, 0.025388717651367188, 0.025969982147216797, 0.026387453079223633, 0.025222063064575195, 0.024932861328125, 0.025950193405151367, 0.024161338806152344, 0.03213310241699219, 0.0314793586730957, 0.031078815460205078, 0.03160834312438965, 0.030920982360839844, 0.0309603214263916, 0.03057265281677246
0.04602766036987305, 0.03420686721801758, 0.0329587459564209, 0.03301262855529785, 0.03360295295715332, 0.03228616714477539, 0.031784772872924805, 0.03253293037414551, 0.03220224380493164, 0.03157353401184082, 0.030295848846435547, 0.03136086463928223, 0.02953481674194336, 0.03622317314147949, 0.03589177131652832, 0.03425168991088867, 0.034375905990600586, 0.03424382209777832, 0.03321409225463867, 0.034288644790649414, 0.03265213966369629, 0.03247547149658203, 0.03196072578430176, 0.03579092025756836, 0.03493785858154297, 0.03336954116821289, 0.03458094596862793, 0.034360647201538086, 0.03307843208312988, 0.033149003982543945, 0.032741546630859375, 0.035295724868774414
0.04281878471374512, 0.034240007400512695, 0.032085418701171875, 0.03301119804382324, 0.03572869300842285, 0.03209638595581055, 0.03192925453186035, 0.03175067901611328, 0.03178811073303223, 0.030644893646240234, 0.031098127365112305, 0.030235767364501953, 0.030181169509887695, 0.03728985786437988, 0.03667402267456055, 0.036330461502075195, 0.03654909133911133, 0.03570437431335449, 0.03521156311035156, 0.03370857238769531, 0.03414130210876465, 0.03383517265319824, 0.03291964530944824, 0.03298592567443848, 0.03403782844543457, 0.03537416458129883, 0.033567190170288086, 0.03346872329711914, 0.03300118446350098, 0.033220767974853516, 0.033605098724365234, 0.03324580192565918

ffn:
0.14547038078308105, 0.14520764350891113, 0.14356207847595215, 0.14337849617004395, 0.14436030387878418, 0.1414949893951416, 0.14198875427246094, 0.1413440704345703, 0.14061808586120605, 0.14119410514831543, 0.1443018913269043, 0.14264225959777832, 0.1426849365234375, 0.1428380012512207, 0.14403057098388672, 0.14298582077026367, 0.17242145538330078, 0.16988229751586914, 0.17321491241455078, 0.1730799674987793, 0.16625356674194336, 0.16665267944335938, 0.16924667358398438, 0.16869044303894043, 0.16704201698303223, 0.20082926750183105, 0.2222440242767334, 0.21611309051513672, 0.21814751625061035, 0.21653079986572266, 0.21930909156799316, 0.21509146690368652
0.14676952362060547, 0.1467270851135254, 0.1480402946472168, 0.14199113845825195, 0.14117169380187988, 0.1552293300628662, 0.1581742763519287, 0.18620514869689941, 0.18379545211791992, 0.18431854248046875, 0.18457317352294922, 0.18593335151672363, 0.1867687702178955, 0.18558073043823242, 0.18900322914123535, 0.18941688537597656, 0.1889657974243164, 0.18732333183288574, 0.187056303024292, 0.18306303024291992, 0.20758748054504395, 0.20879912376403809, 0.21177220344543457, 0.20866680145263672, 0.24935364723205566, 0.23035383224487305, 0.21276593208312988, 0.21045231819152832, 0.21293306350708008, 0.21207094192504883, 0.21126365661621094, 0.2094714641571045
0.150238037109375, 0.15053915977478027, 0.15427517890930176, 0.16915559768676758, 0.16939687728881836, 0.1683363914489746, 0.16715216636657715, 0.16698098182678223, 0.1699693202972412, 0.1695554256439209, 0.1690058708190918, 0.16642308235168457, 0.16663455963134766, 0.1667928695678711, 0.16788959503173828, 0.16864728927612305, 0.17268657684326172, 0.1735684871673584, 0.1744530200958252, 0.1743478775024414, 0.1753096580505371, 0.17740726470947266, 0.17463374137878418, 0.21335482597351074, 0.21322941780090332, 0.2113642692565918, 0.2111961841583252, 0.21000933647155762, 0.2124178409576416, 0.21019768714904785, 0.20740079879760742, 0.20780229568481445
0.16624236106872559, 0.17011713981628418, 0.16285181045532227, 0.1592271327972412, 0.16002774238586426, 0.15944957733154297, 0.16082477569580078, 0.16433930397033691, 0.1627817153930664, 0.16331171989440918, 0.16509413719177246, 0.1680006980895996, 0.16690778732299805, 0.16759467124938965, 0.16874456405639648, 0.1720585823059082, 0.17278385162353516, 0.17454290390014648, 0.17708277702331543, 0.17668962478637695, 0.17761445045471191, 0.17409372329711914, 0.17333006858825684, 0.17053723335266113, 0.20382428169250488, 0.2017219066619873, 0.20012283325195312, 0.21583342552185059, 0.20261836051940918, 0.20542359352111816, 0.2037348747253418, 0.20438933372497559
0.14400291442871094, 0.14304590225219727, 0.14302945137023926, 0.1426713466644287, 0.14235615730285645, 0.14246273040771484, 0.14319419860839844, 0.1680598258972168, 0.1672677993774414, 0.1678915023803711, 0.16797542572021484, 0.16673851013183594, 0.1662764549255371, 0.1679835319519043, 0.170304536819458, 0.16819000244140625, 0.1803441047668457, 0.18122243881225586, 0.18101286888122559, 0.18337130546569824, 0.18037962913513184, 0.18494701385498047, 0.22271513938903809, 0.22440385818481445, 0.23022675514221191, 0.20385527610778809, 0.20756793022155762, 0.2076108455657959, 0.20857572555541992, 0.20362186431884766, 0.20491361618041992, 0.20578622817993164
0.0420994758605957, 0.040517330169677734, 0.04001355171203613, 0.040337324142456055, 0.04094529151916504, 0.040744781494140625, 0.04145312309265137, 0.04226493835449219, 0.0425868034362793, 0.04366946220397949, 0.0429081916809082, 0.043190956115722656, 0.04516315460205078, 0.04359602928161621, 0.08517742156982422, 0.08544111251831055, 0.08523917198181152, 0.08029747009277344, 0.07889103889465332, 0.07932519912719727, 0.07894730567932129, 0.07879328727722168, 0.07805848121643066, 0.07910728454589844, 0.07995009422302246, 0.07970046997070312, 0.08255338668823242, 0.08903241157531738, 0.08935356140136719, 0.08994841575622559, 0.08112883567810059, 0.080780029296875
0.11631536483764648, 0.11682820320129395, 0.11776995658874512, 0.11217355728149414, 0.1135413646697998, 0.11299586296081543, 0.11371397972106934, 0.11364865303039551, 0.11477351188659668, 0.11084437370300293, 0.11071372032165527, 0.11132192611694336, 0.11350274085998535, 0.11330890655517578, 0.11316251754760742, 0.1139211654663086, 0.11272096633911133, 0.11020183563232422, 0.11129641532897949, 0.11172151565551758, 0.11243653297424316, 0.11295485496520996, 0.11264920234680176, 0.11291956901550293, 0.11316156387329102, 0.17680811882019043, 0.17878985404968262, 0.17679429054260254, 0.17790579795837402, 0.18763160705566406, 0.17157745361328125, 0.17316651344299316
0.03848409652709961, 0.03807950019836426, 0.03723025321960449, 0.0371091365814209, 0.03998541831970215, 0.03635716438293457, 0.03952836990356445, 0.04182291030883789, 0.04191780090332031, 0.04381728172302246, 0.04367399215698242, 0.043936967849731445, 0.04355883598327637, 0.04345417022705078, 0.04310107231140137, 0.043448686599731445, 0.04500102996826172, 0.04433321952819824, 0.044619083404541016, 0.04556536674499512, 0.044867753982543945, 0.04768729209899902, 0.04760336875915527, 0.06315970420837402, 0.08389568328857422, 0.08282160758972168, 0.08071064949035645, 0.09612464904785156, 0.11322331428527832, 0.0901176929473877, 0.08505630493164062, 0.08391737937927246
0.1312272548675537, 0.13071727752685547, 0.13364195823669434, 0.13375568389892578, 0.13126921653747559, 0.13254213333129883, 0.13257169723510742, 0.13167929649353027, 0.13358211517333984, 0.13268327713012695, 0.13349246978759766, 0.13149452209472656, 0.13389301300048828, 0.13549089431762695, 0.13793587684631348, 0.13762617111206055, 0.1459510326385498, 0.14483118057250977, 0.1451716423034668, 0.14555120468139648, 0.14710140228271484, 0.14693570137023926, 0.14976215362548828, 0.14548873901367188, 0.18479704856872559, 0.1728370189666748, 0.17325973510742188, 0.17310309410095215, 0.17401385307312012, 0.17251110076904297, 0.17235326766967773, 0.17345619201660156
0.16796326637268066, 0.16740202903747559, 0.16844534873962402, 0.16809630393981934, 0.17211341857910156, 0.17100214958190918, 0.17446064949035645, 0.17856907844543457, 0.1777629852294922, 0.18245506286621094, 0.1829221248626709, 0.17702817916870117, 0.18969440460205078, 0.21546602249145508, 0.21221923828125, 0.2109088897705078, 0.21346116065979004, 0.20908021926879883, 0.20974349975585938, 0.20508861541748047, 0.20468854904174805, 0.20515060424804688, 0.2065434455871582, 0.21022343635559082, 0.21030259132385254, 0.2126481533050537, 0.2116847038269043, 0.20749759674072266, 0.20827245712280273, 0.20675969123840332, 0.20442652702331543, 0.20481181144714355
0.16431951522827148, 0.1637592315673828, 0.1640152931213379, 0.16771173477172852, 0.1714475154876709, 0.16684961318969727, 0.16853547096252441, 0.16975092887878418, 0.16909027099609375, 0.17142462730407715, 0.17598533630371094, 0.17338895797729492, 0.16407537460327148, 0.21514368057250977, 0.21841812133789062, 0.21326732635498047, 0.21403741836547852, 0.21287178993225098, 0.20953822135925293, 0.20862174034118652, 0.20698165893554688, 0.20625996589660645, 0.2066812515258789, 0.20931649208068848, 0.20702266693115234, 0.20665860176086426, 0.21297812461853027, 0.20482087135314941, 0.2050940990447998, 0.20631647109985352, 0.20550537109375, 0.20528650283813477

Vicuna
attn:
0.03258800506591797, 0.02998065948486328, 0.030040502548217773, 0.029045820236206055, 0.02739238739013672, 0.026734590530395508, 0.02715301513671875, 0.02641153335571289, 0.025771617889404297, 0.026262760162353516, 0.02615070343017578, 0.02559804916381836, 0.025066137313842773, 0.025085926055908203, 0.0253143310546875, 0.025751590728759766, 0.02580428123474121, 0.02526688575744629, 0.02463841438293457, 0.025125980377197266, 0.02568650245666504, 0.025612354278564453, 0.026213407516479492, 0.02618694305419922, 0.026378154754638672, 0.02495718002319336, 0.02523493766784668, 0.025247812271118164, 0.02446126937866211, 0.02486276626586914, 0.02399158477783203, 0.02450394630432129
0.038323163986206055, 0.034041404724121094, 0.03365826606750488, 0.03244280815124512, 0.03304457664489746, 0.03298687934875488, 0.03344154357910156, 0.0331575870513916, 0.03437352180480957, 0.032689571380615234, 0.04130887985229492, 0.0401153564453125, 0.04039597511291504, 0.04049229621887207, 0.03799748420715332, 0.035462379455566406, 0.0358424186706543, 0.03762316703796387, 0.039351463317871094, 0.03750014305114746, 0.03753209114074707, 0.03625822067260742, 0.038236379623413086, 0.039693593978881836, 0.03570270538330078, 0.036505699157714844, 0.03760719299316406, 0.040616512298583984, 0.03745293617248535, 0.0393977165222168, 0.04047846794128418, 0.040442705154418945
0.032561302185058594, 0.03067803382873535, 0.030476808547973633, 0.029665470123291016, 0.03070378303527832, 0.030568838119506836, 0.028305530548095703, 0.028406858444213867, 0.028562307357788086, 0.0286715030670166, 0.02782297134399414, 0.028474092483520508, 0.02820587158203125, 0.028541088104248047, 0.028584957122802734, 0.02875685691833496, 0.02903580665588379, 0.02935624122619629, 0.02972888946533203, 0.029143333435058594, 0.02776050567626953, 0.028600454330444336, 0.027259349822998047, 0.028192520141601562, 0.02684497833251953, 0.026356935501098633, 0.026676416397094727, 0.026948928833007812, 0.027915477752685547, 0.02630162239074707, 0.03620147705078125, 0.07001113891601562
0.04396462440490723, 0.04079866409301758, 0.03796839714050293, 0.04080343246459961, 0.0362544059753418, 0.0341033935546875, 0.03365302085876465, 0.03431367874145508, 0.035125732421875, 0.03546500205993652, 0.033617258071899414, 0.03347611427307129, 0.03223013877868652, 0.032602787017822266, 0.03225874900817871, 0.03132748603820801, 0.030499935150146484, 0.030185699462890625, 0.030190706253051758, 0.030016183853149414, 0.030853271484375, 0.02968740463256836, 0.02980208396911621, 0.030072927474975586, 0.03043842315673828, 0.030683517456054688, 0.031056642532348633, 0.030786991119384766, 0.030968427658081055, 0.031014442443847656, 0.06331706047058105, 0.06325078010559082
0.039221763610839844, 0.03350567817687988, 0.03246879577636719, 0.03175020217895508, 0.03108358383178711, 0.031295061111450195, 0.03198742866516113, 0.029689788818359375, 0.031231164932250977, 0.029511451721191406, 0.04109811782836914, 0.040183067321777344, 0.04037904739379883, 0.04010796546936035, 0.0390622615814209, 0.03950834274291992, 0.04105353355407715, 0.03900313377380371, 0.038912296295166016, 0.03932356834411621, 0.0384671688079834, 0.03830552101135254, 0.03802752494812012, 0.03868365287780762, 0.03778243064880371, 0.04137158393859863, 0.04037976264953613, 0.040544986724853516, 0.043682098388671875, 0.04179811477661133, 0.04143786430358887, 0.04196500778198242
0.027004480361938477, 0.022288084030151367, 0.02218794822692871, 0.022495269775390625, 0.02253556251525879, 0.02200174331665039, 0.023361682891845703, 0.023131847381591797, 0.023325204849243164, 0.02205204963684082, 0.03048563003540039, 0.03032994270324707, 0.03096914291381836, 0.03132939338684082, 0.030805110931396484, 0.030347108840942383, 0.03034043312072754, 0.030350208282470703, 0.030210256576538086, 0.03039693832397461, 0.02978992462158203, 0.02977776527404785, 0.030595779418945312, 0.030750036239624023, 0.030440092086791992, 0.03277730941772461, 0.03069615364074707, 0.03088831901550293, 0.03184652328491211, 0.03629350662231445, 0.03640341758728027, 0.03683328628540039
0.03639864921569824, 0.033531904220581055, 0.034841299057006836, 0.034505605697631836, 0.031128883361816406, 0.030690908432006836, 0.031358957290649414, 0.03149008750915527, 0.029575109481811523, 0.02927541732788086, 0.030031919479370117, 0.02872180938720703, 0.027896642684936523, 0.030015230178833008, 0.02838277816772461, 0.028548240661621094, 0.028223037719726562, 0.027552127838134766, 0.027509689331054688, 0.027688264846801758, 0.027711868286132812, 0.028253555297851562, 0.028211593627929688, 0.03003215789794922, 0.02789759635925293, 0.028488636016845703, 0.028055667877197266, 0.02828812599182129, 0.02901482582092285, 0.03736996650695801, 0.06801819801330566, 0.06832146644592285
0.028126239776611328, 0.02432560920715332, 0.02507472038269043, 0.024797916412353516, 0.02635669708251953, 0.02611708641052246, 0.02660536766052246, 0.026485919952392578, 0.026467084884643555, 0.0261538028717041, 0.030028581619262695, 0.029777050018310547, 0.030426502227783203, 0.03171491622924805, 0.03101205825805664, 0.03012537956237793, 0.030633211135864258, 0.030384540557861328, 0.03202033042907715, 0.03471708297729492, 0.030069828033447266, 0.030336618423461914, 0.027158021926879883, 0.030538320541381836, 0.026702165603637695, 0.026985645294189453, 0.031748056411743164, 0.031696319580078125, 0.03208613395690918, 0.03236579895019531, 0.032172441482543945, 0.03134918212890625
0.03647446632385254, 0.032013893127441406, 0.031224489212036133, 0.031177997589111328, 0.03227663040161133, 0.0301971435546875, 0.030912399291992188, 0.03080010414123535, 0.030881643295288086, 0.029896974563598633, 0.037598371505737305, 0.03707599639892578, 0.03928017616271973, 0.0363314151763916, 0.038611412048339844, 0.03660750389099121, 0.038491249084472656, 0.03611111640930176, 0.03858447074890137, 0.03644585609436035, 0.038689374923706055, 0.037245750427246094, 0.03735542297363281, 0.04035687446594238, 0.036962032318115234, 0.037273406982421875, 0.0403139591217041, 0.03800034523010254, 0.0402524471282959, 0.03714156150817871, 0.03773331642150879, 0.03708004951477051
0.0324404239654541, 0.02895212173461914, 0.02871870994567871, 0.028629064559936523, 0.02826213836669922, 0.02736353874206543, 0.027550220489501953, 0.027265310287475586, 0.02820563316345215, 0.028070688247680664, 0.026360511779785156, 0.0266115665435791, 0.026508569717407227, 0.027009010314941406, 0.0266878604888916, 0.027078628540039062, 0.02669835090637207, 0.02642822265625, 0.02740025520324707, 0.027337074279785156, 0.026279926300048828, 0.02602529525756836, 0.026037931442260742, 0.026796579360961914, 0.02618718147277832, 0.02759528160095215, 0.028478384017944336, 0.02683877944946289, 0.02721118927001953, 0.04407024383544922, 0.0740499496459961, 0.07569265365600586

ffn:
0.11071968078613281, 0.1103205680847168, 0.10737800598144531, 0.10575127601623535, 0.10457015037536621, 0.10399365425109863, 0.10348773002624512, 0.103851318359375, 0.1043388843536377, 0.10351061820983887, 0.10423707962036133, 0.1022803783416748, 0.10191726684570312, 0.10198497772216797, 0.10323596000671387, 0.10403943061828613, 0.1051023006439209, 0.1010429859161377, 0.10277724266052246, 0.10394692420959473, 0.10367512702941895, 0.10404419898986816, 0.10257649421691895, 0.10483527183532715, 0.10157561302185059, 0.10098719596862793, 0.10194802284240723, 0.10228419303894043, 0.10254979133605957, 0.10191655158996582, 0.09861326217651367, 0.1098029613494873
0.13457274436950684, 0.13380050659179688, 0.13126134872436523, 0.12722063064575195, 0.12889957427978516, 0.13293719291687012, 0.13230228424072266, 0.13373827934265137, 0.12935137748718262, 0.12992358207702637, 0.1537632942199707, 0.15448760986328125, 0.15221476554870605, 0.15436482429504395, 0.1477031707763672, 0.14647173881530762, 0.1472768783569336, 0.14780092239379883, 0.14667558670043945, 0.14945459365844727, 0.14895105361938477, 0.15118002891540527, 0.15108466148376465, 0.14992260932922363, 0.14833498001098633, 0.15175414085388184, 0.1478409767150879, 0.15230870246887207, 0.14983868598937988, 0.1558091640472412, 0.15551257133483887, 0.15580201148986816
0.11373281478881836, 0.11297965049743652, 0.11437439918518066, 0.11465334892272949, 0.11466622352600098, 0.11267685890197754, 0.11143851280212402, 0.11137580871582031, 0.11289072036743164, 0.11236095428466797, 0.11116600036621094, 0.1114187240600586, 0.11059308052062988, 0.11395072937011719, 0.11316442489624023, 0.11212515830993652, 0.11307549476623535, 0.11274123191833496, 0.11396479606628418, 0.10912418365478516, 0.10996174812316895, 0.10982489585876465, 0.10998058319091797, 0.1072688102722168, 0.10634970664978027, 0.10564327239990234, 0.10594725608825684, 0.10650324821472168, 0.10674309730529785, 0.1077725887298584, 0.14926409721374512, 0.14980530738830566
0.12506413459777832, 0.1232759952545166, 0.12437605857849121, 0.12104463577270508, 0.12154793739318848, 0.12477803230285645, 0.12472057342529297, 0.1244962215423584, 0.12633657455444336, 0.12769722938537598, 0.125870943069458, 0.1275959014892578, 0.12854385375976562, 0.1271989345550537, 0.12810277938842773, 0.11937260627746582, 0.11942315101623535, 0.12029242515563965, 0.12052178382873535, 0.12182950973510742, 0.12055826187133789, 0.11992549896240234, 0.12028098106384277, 0.1231687068939209, 0.12103772163391113, 0.12182021141052246, 0.12287235260009766, 0.12290382385253906, 0.12327718734741211, 0.13812589645385742, 0.14648103713989258, 0.14652562141418457
0.12742114067077637, 0.12426638603210449, 0.12052774429321289, 0.11955761909484863, 0.12133121490478516, 0.12349843978881836, 0.1242837905883789, 0.11957454681396484, 0.11961102485656738, 0.1253983974456787, 0.15300321578979492, 0.15318536758422852, 0.15293002128601074, 0.15218710899353027, 0.15143179893493652, 0.1483922004699707, 0.1487877368927002, 0.1507875919342041, 0.15186309814453125, 0.14878225326538086, 0.14934086799621582, 0.1502535343170166, 0.15065217018127441, 0.15125274658203125, 0.15073847770690918, 0.1511843204498291, 0.1514296531677246, 0.15393781661987305, 0.15712428092956543, 0.15785574913024902, 0.1530454158782959, 0.15538740158081055
0.04151439666748047, 0.04144001007080078, 0.04139971733093262, 0.04123377799987793, 0.04160594940185547, 0.04155778884887695, 0.04233813285827637, 0.043082475662231445, 0.04180455207824707, 0.054195404052734375, 0.05826616287231445, 0.05857205390930176, 0.05952143669128418, 0.059177398681640625, 0.05977344512939453, 0.06064343452453613, 0.057833194732666016, 0.05769824981689453, 0.05725812911987305, 0.05749797821044922, 0.05717897415161133, 0.05801129341125488, 0.05857276916503906, 0.05789470672607422, 0.05733013153076172, 0.057013750076293945, 0.05846667289733887, 0.058522701263427734, 0.061112165451049805, 0.06524181365966797, 0.06453227996826172, 0.06693553924560547
0.11457490921020508, 0.11404848098754883, 0.1145331859588623, 0.11555886268615723, 0.11096692085266113, 0.11211681365966797, 0.1116948127746582, 0.11181783676147461, 0.11220049858093262, 0.11164331436157227, 0.10802268981933594, 0.10961222648620605, 0.11074948310852051, 0.11164522171020508, 0.11295819282531738, 0.11354255676269531, 0.11036872863769531, 0.10997843742370605, 0.10997509956359863, 0.1091616153717041, 0.11116194725036621, 0.11020398139953613, 0.11300873756408691, 0.11050009727478027, 0.11016058921813965, 0.11206388473510742, 0.11127424240112305, 0.11084294319152832, 0.11385488510131836, 0.14625811576843262, 0.1456155776977539, 0.13903498649597168
0.04585719108581543, 0.04527616500854492, 0.04516172409057617, 0.045801639556884766, 0.04620766639709473, 0.04721951484680176, 0.04721856117248535, 0.04729652404785156, 0.04768872261047363, 0.05681300163269043, 0.05716729164123535, 0.057013511657714844, 0.05833125114440918, 0.056699514389038086, 0.057145118713378906, 0.0585484504699707, 0.05750226974487305, 0.05699276924133301, 0.058159589767456055, 0.055596113204956055, 0.056560516357421875, 0.056800127029418945, 0.052405595779418945, 0.05214691162109375, 0.05236315727233887, 0.053885698318481445, 0.059693336486816406, 0.058707237243652344, 0.05957388877868652, 0.05811953544616699, 0.05600094795227051, 0.05229687690734863
0.10455918312072754, 0.10717272758483887, 0.10620594024658203, 0.10581803321838379, 0.10719847679138184, 0.1047825813293457, 0.10575580596923828, 0.10637712478637695, 0.10285496711730957, 0.11031150817871094, 0.127976655960083, 0.12784433364868164, 0.1257185935974121, 0.1260836124420166, 0.12666726112365723, 0.12473917007446289, 0.12503385543823242, 0.12507939338684082, 0.12546396255493164, 0.124725341796875, 0.12478876113891602, 0.1269207000732422, 0.1268002986907959, 0.1287987232208252, 0.12778639793395996, 0.12711167335510254, 0.12529373168945312, 0.12851214408874512, 0.12842154502868652, 0.1279587745666504, 0.12717056274414062, 0.12635517120361328
0.10494780540466309, 0.10474038124084473, 0.10573005676269531, 0.10720300674438477, 0.10331034660339355, 0.10287046432495117, 0.10373067855834961, 0.1034843921661377, 0.10442781448364258, 0.10266709327697754, 0.09996247291564941, 0.10249924659729004, 0.10286355018615723, 0.1041104793548584, 0.1044623851776123, 0.10236501693725586, 0.10349559783935547, 0.10333871841430664, 0.10391497611999512, 0.10661149024963379, 0.1047205924987793, 0.10509061813354492, 0.10460829734802246, 0.1065530776977539, 0.10705327987670898, 0.10700845718383789, 0.10777807235717773, 0.1084299087524414, 0.1117253303527832, 0.14740300178527832, 0.14388275146484375, 0.14511966705322266