llama2-7b
attn:
0.48196595907211304, 0.3461035192012787, 0.5377512574195862, 0.5651560425758362, 0.5673801302909851, 0.5599319934844971, 0.5385379195213318, 0.5296236872673035, 0.5448366403579712, 0.5160341858863831, 0.523322582244873, 0.5150793194770813, 0.5190703272819519, 0.539962112903595, 0.523609459400177, 0.548379123210907, 0.5523471832275391, 0.5051509737968445, 0.5730773210525513, 0.5584341883659363, 0.5900331735610962, 0.5490444302558899, 0.5775097608566284, 0.5397405624389648, 0.5691267251968384, 0.5240854620933533, 0.5719417333602905, 0.5480190515518188, 0.5398004651069641, 0.5236078500747681, 0.5417757034301758, 0.4407844543457031
0.4886290431022644, 0.37423616647720337, 0.5719707608222961, 0.5774043798446655, 0.5659825801849365, 0.555185854434967, 0.5346818566322327, 0.525778591632843, 0.529866099357605, 0.5228050351142883, 0.5295163989067078, 0.5141222476959229, 0.5115926861763, 0.5407969951629639, 0.5345351099967957, 0.5410436391830444, 0.5747660398483276, 0.5238469839096069, 0.5771275758743286, 0.5525584816932678, 0.5875961780548096, 0.5713673233985901, 0.5381333827972412, 0.5160582065582275, 0.5399125814437866, 0.5068875551223755, 0.5539749264717102, 0.5361252427101135, 0.5351887941360474, 0.5205026865005493, 0.5509065389633179, 0.4513632357120514
0.472938597202301, 0.33650290966033936, 0.5335971713066101, 0.559872031211853, 0.560127854347229, 0.5514694452285767, 0.5224851965904236, 0.5346402525901794, 0.5310935974121094, 0.5089223980903625, 0.5211796760559082, 0.5066261291503906, 0.5081565976142883, 0.5347585678100586, 0.5098717212677002, 0.5582771301269531, 0.5363677740097046, 0.5181962847709656, 0.5665203928947449, 0.559505045413971, 0.5879226326942444, 0.5641058683395386, 0.5854384303092957, 0.541611909866333, 0.572440505027771, 0.5172396898269653, 0.5723087787628174, 0.5453703999519348, 0.5483265519142151, 0.5252135992050171, 0.5362751483917236, 0.43578463792800903
0.48496609926223755, 0.38217711448669434, 0.5729495882987976, 0.5740873217582703, 0.5466757416725159, 0.5445290803909302, 0.5273892283439636, 0.5280727744102478, 0.5421526432037354, 0.5331177115440369, 0.549432635307312, 0.5186606049537659, 0.5295237302780151, 0.5470885634422302, 0.5174737572669983, 0.555968701839447, 0.5593568682670593, 0.5190451145172119, 0.5528873801231384, 0.5592533946037292, 0.5898122787475586, 0.5590667128562927, 0.5600862503051758, 0.5078561305999756, 0.5402214527130127, 0.5122455954551697, 0.5558866262435913, 0.5203597545623779, 0.5211269855499268, 0.5198553800582886, 0.5385886430740356, 0.45335280895233154
0.4800034463405609, 0.3525400161743164, 0.5386626720428467, 0.5549278855323792, 0.5588399767875671, 0.5551692247390747, 0.5154374241828918, 0.5327758193016052, 0.5454757809638977, 0.5273602604866028, 0.5446089506149292, 0.509901225566864, 0.5105813145637512, 0.5441733002662659, 0.5140556693077087, 0.5575284957885742, 0.5405704379081726, 0.5172032117843628, 0.5523260235786438, 0.5581158995628357, 0.556128740310669, 0.543566107749939, 0.5693447589874268, 0.5187630653381348, 0.5478271245956421, 0.5119457244873047, 0.553907573223114, 0.5333014726638794, 0.5266324877738953, 0.5136399269104004, 0.51976078748703, 0.43187910318374634
0.48882099986076355, 0.3607093095779419, 0.5537868738174438, 0.5606285929679871, 0.5673951506614685, 0.5563129782676697, 0.538880467414856, 0.5489000678062439, 0.5366966724395752, 0.5320081114768982, 0.531083345413208, 0.5016822814941406, 0.5217849612236023, 0.540636420249939, 0.521089494228363, 0.5556018948554993, 0.5573129653930664, 0.5208581686019897, 0.5575466156005859, 0.5532631874084473, 0.5701994895935059, 0.5572584867477417, 0.5878637433052063, 0.5327630043029785, 0.5629938840866089, 0.5250176787376404, 0.5792791247367859, 0.5587862730026245, 0.5312827229499817, 0.5273541808128357, 0.5484596490859985, 0.44437721371650696
0.4830515384674072, 0.34589123725891113, 0.5495885014533997, 0.563793957233429, 0.5518845319747925, 0.548078715801239, 0.5197916030883789, 0.5301914215087891, 0.5297841429710388, 0.5073030591011047, 0.5233485102653503, 0.5006213188171387, 0.5132999420166016, 0.5276249051094055, 0.518946647644043, 0.5528742074966431, 0.5400266051292419, 0.5261370539665222, 0.5583919882774353, 0.5556410551071167, 0.5914325714111328, 0.573347270488739, 0.5797384977340698, 0.5448051691055298, 0.5695436000823975, 0.5280886888504028, 0.5762962698936462, 0.5465439558029175, 0.5400070548057556, 0.5271619558334351, 0.5400031208992004, 0.4375860095024109

ffn:
0.5437791347503662, 0.5266364812850952, 0.6071683764457703, 0.5461878776550293, 0.5657931566238403, 0.4952167272567749, 0.4687633216381073, 0.4841921329498291, 0.48186174035072327, 0.4803115129470825, 0.5017152428627014, 0.47596487402915955, 0.46032196283340454, 0.48096179962158203, 0.500235915184021, 0.5386073589324951, 0.5213836431503296, 0.5328412055969238, 0.5539776682853699, 0.5779562592506409, 0.5805060267448425, 0.594502329826355, 0.5898374319076538, 0.5760805606842041, 0.5637590885162354, 0.5558661818504333, 0.5475612878799438, 0.553736686706543, 0.5561355352401733, 0.5459721684455872, 0.4003347158432007, 0.5000221133232117
0.5582541227340698, 0.5234318971633911, 0.5964773893356323, 0.5366256237030029, 0.547274112701416, 0.4818684756755829, 0.4638253450393677, 0.47293734550476074, 0.485435426235199, 0.48308494687080383, 0.4679061472415924, 0.4385848641395569, 0.4522962272167206, 0.4549653232097626, 0.4640796482563019, 0.5065804719924927, 0.49537980556488037, 0.5063316226005554, 0.5522419214248657, 0.5342310070991516, 0.5405497550964355, 0.5640913248062134, 0.5688642263412476, 0.5337660312652588, 0.5398809313774109, 0.5263660550117493, 0.5267452597618103, 0.5252158045768738, 0.5403302907943726, 0.5363473296165466, 0.42668208479881287, 0.5164633989334106
0.5513646602630615, 0.5284822583198547, 0.6169253587722778, 0.5629867911338806, 0.5815429091453552, 0.4991341829299927, 0.49303051829338074, 0.4929657578468323, 0.49338290095329285, 0.4992574155330658, 0.5017359256744385, 0.48681527376174927, 0.48040643334388733, 0.5041938424110413, 0.5190803408622742, 0.5438921451568604, 0.532985270023346, 0.5440405607223511, 0.5633346438407898, 0.574288010597229, 0.5809397101402283, 0.5910944938659668, 0.5839899182319641, 0.5642923712730408, 0.5603827238082886, 0.5557993054389954, 0.543906569480896, 0.5562778115272522, 0.555180013179779, 0.5421381592750549, 0.39145809412002563, 0.5015058517456055
0.5590552687644958, 0.5239536166191101, 0.604498028755188, 0.5416882634162903, 0.5508476495742798, 0.4807504117488861, 0.46402934193611145, 0.46810829639434814, 0.47484225034713745, 0.487830251455307, 0.47920936346054077, 0.47207286953926086, 0.47483086585998535, 0.4753527045249939, 0.4850345253944397, 0.5101046562194824, 0.519364595413208, 0.5237911939620972, 0.5391964912414551, 0.5460742712020874, 0.5523923635482788, 0.5659549236297607, 0.5623283386230469, 0.556147575378418, 0.5414746403694153, 0.5356647968292236, 0.5244436264038086, 0.5353111028671265, 0.5387924313545227, 0.5312680602073669, 0.4163578152656555, 0.4994499683380127
0.542553186416626, 0.5295702219009399, 0.6143519282341003, 0.5513304471969604, 0.5860121250152588, 0.5074604153633118, 0.5026909112930298, 0.49806246161460876, 0.5119829773902893, 0.4840088188648224, 0.4989857077598572, 0.49372997879981995, 0.4878718852996826, 0.5170549750328064, 0.5243303179740906, 0.5493618249893188, 0.5347117781639099, 0.5434975028038025, 0.5674418210983276, 0.5727418661117554, 0.5732706785202026, 0.5781946778297424, 0.5654345154762268, 0.5539012551307678, 0.5478119850158691, 0.547612190246582, 0.5377900004386902, 0.5477937459945679, 0.5484836101531982, 0.5485920310020447, 0.38994714617729187, 0.5200486183166504
0.5495016574859619, 0.5260957479476929, 0.6121679544448853, 0.5648700594902039, 0.5638007521629333, 0.49873483180999756, 0.46765974164009094, 0.4913708567619324, 0.47071573138237, 0.48114651441574097, 0.4758162498474121, 0.47270360589027405, 0.4790631830692291, 0.4988604485988617, 0.49507659673690796, 0.5429224371910095, 0.5314998626708984, 0.5410842299461365, 0.5598044991493225, 0.5641201734542847, 0.5722295045852661, 0.5795527696609497, 0.5739564895629883, 0.5630710124969482, 0.551079511642456, 0.5438747406005859, 0.5371565818786621, 0.5457888245582581, 0.5504181981086731, 0.5394940376281738, 0.4005005657672882, 0.5093784332275391
0.5474936366081238, 0.5264117121696472, 0.6055546998977661, 0.5523229241371155, 0.5680853724479675, 0.5167979001998901, 0.4810250699520111, 0.4974246919155121, 0.511473536491394, 0.5027335286140442, 0.4916549026966095, 0.46393439173698425, 0.46343010663986206, 0.4961887001991272, 0.49661046266555786, 0.5383654832839966, 0.5194688439369202, 0.5301175713539124, 0.5553110837936401, 0.5616931915283203, 0.5681142210960388, 0.5740705728530884, 0.5696266889572144, 0.5502749681472778, 0.5531952977180481, 0.5358883738517761, 0.5364709496498108, 0.5438660979270935, 0.5468219518661499, 0.5486829876899719, 0.3993649482727051, 0.48946312069892883

Orac
attn:
0.5130169987678528, 0.29746270179748535, 0.30763477087020874, 0.5588138699531555, 0.5314632654190063, 0.5383090972900391, 0.5403778553009033, 0.48591348528862, 0.5229913592338562, 0.5402469635009766, 0.5106944441795349, 0.4790402352809906, 0.5254464149475098, 0.5328226685523987, 0.5664893388748169, 0.5510246157646179, 0.5650806427001953, 0.5742456912994385, 0.5975908637046814, 0.5956573486328125, 0.6227604150772095, 0.5917263031005859, 0.6431165933609009, 0.6388112306594849, 0.6194852590560913, 0.4873563349246979
0.5105993151664734, 0.3544756770133972, 0.3401816487312317, 0.5604056715965271, 0.5451892018318176, 0.5329830050468445, 0.5419262647628784, 0.4962826073169708, 0.5264659523963928, 0.5490162968635559, 0.5306006669998169, 0.49681299924850464, 0.5328044295310974, 0.5502204895019531, 0.5718307495117188, 0.5441981554031372, 0.5666707158088684, 0.5731140375137329, 0.5867877006530762, 0.5822087526321411, 0.5656802654266357, 0.5545058250427246, 0.5951778292655945, 0.5894411206245422, 0.5742337703704834, 0.5036172270774841
0.5081567168235779, 0.28912147879600525, 0.2980975806713104, 0.5387927293777466, 0.5228482484817505, 0.5280144810676575, 0.5300968885421753, 0.467174232006073, 0.5163891315460205, 0.5278777480125427, 0.5146045088768005, 0.4742896556854248, 0.5239543318748474, 0.527981162071228, 0.5428727269172668, 0.5448710322380066, 0.56195068359375, 0.5720409154891968, 0.5862700343132019, 0.6038966178894043, 0.61726313829422, 0.6009219288825989, 0.6496122479438782, 0.6388771533966064, 0.619874119758606, 0.48608237504959106
0.5153602957725525, 0.35352563858032227, 0.33986377716064453, 0.5549062490463257, 0.5413857102394104, 0.5286486744880676, 0.528379499912262, 0.5006009936332703, 0.5163983702659607, 0.5329958200454712, 0.5165277719497681, 0.4882623851299286, 0.5150319933891296, 0.5224952697753906, 0.5499545931816101, 0.5541581511497498, 0.5622417330741882, 0.5671898722648621, 0.5808476209640503, 0.5895237326622009, 0.5897216200828552, 0.5666688084602356, 0.6189331412315369, 0.5917117595672607, 0.5978599786758423, 0.4993343949317932
0.5049085021018982, 0.2740005850791931, 0.2937774658203125, 0.5411155819892883, 0.5250051617622375, 0.5146440863609314, 0.5206277966499329, 0.45998719334602356, 0.5236954092979431, 0.5356115102767944, 0.5081064701080322, 0.4896102547645569, 0.5218655467033386, 0.5054472088813782, 0.5349498391151428, 0.5226449370384216, 0.5343773365020752, 0.5520774126052856, 0.5733792781829834, 0.5858067870140076, 0.5931494832038879, 0.5888336896896362, 0.6291459798812866, 0.6147968769073486, 0.6044158935546875, 0.4690181016921997
0.5226553678512573, 0.28916415572166443, 0.310752272605896, 0.5353680849075317, 0.5301188230514526, 0.5261861681938171, 0.5359235405921936, 0.4956469237804413, 0.5092498064041138, 0.5382694602012634, 0.524975597858429, 0.4928540587425232, 0.5196287631988525, 0.5253201127052307, 0.5392465591430664, 0.5364771485328674, 0.559624969959259, 0.5634810328483582, 0.5871232748031616, 0.596081018447876, 0.6088096499443054, 0.5985219478607178, 0.6326984167098999, 0.6227260231971741, 0.6167340278625488, 0.4893556833267212
0.5094371438026428, 0.285632848739624, 0.29413902759552, 0.5367697477340698, 0.5272966027259827, 0.5148739218711853, 0.5292878150939941, 0.4684109091758728, 0.5095648169517517, 0.5257411003112793, 0.5251761674880981, 0.48289933800697327, 0.5286784172058105, 0.5330157279968262, 0.5350217223167419, 0.5342589616775513, 0.5570916533470154, 0.5696263313293457, 0.575097382068634, 0.5921587347984314, 0.5990979671478271, 0.5912989974021912, 0.618868350982666, 0.6014666557312012, 0.5951266288757324, 0.45327028632164 

ffn:
0.5768418908119202, 0.6259902119636536, 0.6344845294952393, 0.6111714839935303, 0.5740407705307007, 0.7319228649139404, 0.5641860365867615, 0.5874613523483276, 0.5346043705940247, 0.5411489605903625, 0.49752432107925415, 0.4906524419784546, 0.5218523740768433, 0.5361174941062927, 0.5462273955345154, 0.550693154335022, 0.5692709684371948, 0.5849415063858032, 0.5786222815513611, 0.5916070938110352, 0.5684438347816467, 0.5565396547317505, 0.5260294079780579, 0.4193321764469147, 0.3835625946521759, 0.4776940643787384
0.5967013239860535, 0.628666877746582, 0.6258546710014343, 0.6062179803848267, 0.5598655343055725, 0.6952003240585327, 0.5107876658439636, 0.5569645762443542, 0.503054141998291, 0.5219548344612122, 0.4771743714809418, 0.4648030400276184, 0.495701402425766, 0.5092909932136536, 0.5036994814872742, 0.526401162147522, 0.5437237620353699, 0.5505015254020691, 0.5439707040786743, 0.5725928544998169, 0.5435031652450562, 0.5181043744087219, 0.4996790885925293, 0.45021966099739075, 0.4261762499809265, 0.4933396577835083
0.5737142562866211, 0.6343376636505127, 0.6399170160293579, 0.6164757013320923, 0.5797392725944519, 0.7368795275688171, 0.5664331912994385, 0.5940263867378235, 0.5434250831604004, 0.557212233543396, 0.5013622641563416, 0.49088868498802185, 0.525407612323761, 0.540800154209137, 0.5451619029045105, 0.5630875825881958, 0.5707898139953613, 0.5857675075531006, 0.5758631825447083, 0.5893405079841614, 0.5715903043746948, 0.547150194644928, 0.516247034072876, 0.41120558977127075, 0.3754611015319824, 0.4905458986759186
0.5815780162811279, 0.62614905834198, 0.6230021715164185, 0.6105488538742065, 0.5571090579032898, 0.7081034183502197, 0.5540280938148499, 0.5645950436592102, 0.5148590803146362, 0.540888786315918, 0.494325190782547, 0.47659510374069214, 0.5188355445861816, 0.5183997750282288, 0.5173532962799072, 0.5369654297828674, 0.5481169819831848, 0.5553368926048279, 0.5492408871650696, 0.5746904611587524, 0.5619120597839355, 0.5362313389778137, 0.5059689283370972, 0.43658962845802307, 0.41004523634910583, 0.49975311756134033
0.5733227729797363, 0.6358901858329773, 0.6529536843299866, 0.6428840160369873, 0.6011679768562317, 0.760942816734314, 0.5829461812973022, 0.619682788848877, 0.568393886089325, 0.5820212960243225, 0.5153369903564453, 0.4984354078769684, 0.5298306941986084, 0.5554630756378174, 0.5636655688285828, 0.5696326494216919, 0.5802410244941711, 0.5943299531936646, 0.5821725726127625, 0.5864362120628357, 0.5650679469108582, 0.5484650731086731, 0.5024570822715759, 0.4042683243751526, 0.36850452423095703, 0.47630515694618225
0.5888074040412903, 0.6261839270591736, 0.6227839589118958, 0.6060268878936768, 0.5699212551116943, 0.7168768048286438, 0.5741336345672607, 0.5870328545570374, 0.5334437489509583, 0.5545302033424377, 0.49704793095588684, 0.4853985607624054, 0.5205508470535278, 0.5528326034545898, 0.54693603515625, 0.560985803604126, 0.5692012310028076, 0.5751851201057434, 0.5727689266204834, 0.5892471075057983, 0.5559636950492859, 0.5478744506835938, 0.5181583166122437, 0.4293946325778961, 0.39542052149772644, 0.4882388710975647
0.5809361934661865, 0.6123455166816711, 0.6251730918884277, 0.6210505962371826, 0.5895521640777588, 0.7305968999862671, 0.5915265083312988, 0.6228261590003967, 0.5815297961235046, 0.6067504286766052, 0.5004264116287231, 0.49544796347618103, 0.5171982645988464, 0.5774534344673157, 0.5660148859024048, 0.5548349618911743, 0.5576915144920349, 0.5747765898704529, 0.5689132213592529, 0.5817745923995972, 0.5516149401664734, 0.5334075093269348, 0.5168432593345642, 0.4732043445110321, 0.39560195803642273, 0.4541851282119751


MPT
attn:
0.4076274037361145, 0.4867449998855591, 0.4786319136619568, 0.47006744146347046, 0.4989703297615051, 0.4591297507286072, 0.5082269906997681, 0.45952266454696655, 0.48156100511550903, 0.4497918486595154, 0.4665798842906952, 0.4723510146141052, 0.43313735723495483, 0.4767395853996277, 0.47751787304878235, 0.48303988575935364, 0.5131618976593018, 0.43490856885910034, 0.501808226108551, 0.4879494905471802, 0.5008643865585327, 0.4649645686149597, 0.49637845158576965, 0.49516960978507996, 0.5138289928436279, 0.5026822090148926, 0.5054073333740234, 0.49609532952308655, 0.5381072759628296, 0.45418477058410645, 0.4293294847011566, 0.3176897168159485
0.4128618836402893, 0.5003713965415955, 0.46750524640083313, 0.4554750919342041, 0.4908553659915924, 0.451895147562027, 0.5037798285484314, 0.44398754835128784, 0.48878198862075806, 0.4612777531147003, 0.4811849892139435, 0.49890199303627014, 0.4468630254268646, 0.47601649165153503, 0.49009886384010315, 0.49771079421043396, 0.518466591835022, 0.45853397250175476, 0.5168978571891785, 0.511198878288269, 0.4866274893283844, 0.48514965176582336, 0.5047047138214111, 0.5012960433959961, 0.5262953042984009, 0.5070733428001404, 0.48973727226257324, 0.4899159073829651, 0.5363684892654419, 0.4532319903373718, 0.43439120054244995, 0.3534448444843292
0.40746572613716125, 0.48093974590301514, 0.4746735095977783, 0.4702567756175995, 0.49467504024505615, 0.4606204628944397, 0.510547935962677, 0.450206995010376, 0.4761623740196228, 0.43254002928733826, 0.4661999046802521, 0.4671243727207184, 0.4422180950641632, 0.47129523754119873, 0.48237094283103943, 0.47397375106811523, 0.5065667629241943, 0.43443769216537476, 0.4997105300426483, 0.4725457727909088, 0.4861297607421875, 0.4648498296737671, 0.5014021992683411, 0.4735517203807831, 0.5073761343955994, 0.5215458869934082, 0.5009462833404541, 0.48062312602996826, 0.5360326766967773, 0.4629333019256592, 0.4272770881652832, 0.3057326674461365
0.41093844175338745, 0.47981417179107666, 0.47930875420570374, 0.4620779752731323, 0.47719883918762207, 0.45574668049812317, 0.5118458867073059, 0.45646655559539795, 0.47712069749832153, 0.4361312985420227, 0.47477445006370544, 0.4758250117301941, 0.45086008310317993, 0.4778364896774292, 0.47950196266174316, 0.4838743507862091, 0.5168865323066711, 0.4479650557041168, 0.4941413998603821, 0.48735085129737854, 0.4893748164176941, 0.45745429396629333, 0.5102351307868958, 0.46492213010787964, 0.5144016146659851, 0.5177369713783264, 0.48137807846069336, 0.4808146357536316, 0.5106391906738281, 0.437793493270874, 0.4206802248954773, 0.2940547466278076
0.4181087017059326, 0.49491721391677856, 0.47246357798576355, 0.46569812297821045, 0.4873712956905365, 0.4609370827674866, 0.5018927454948425, 0.4577121138572693, 0.491814523935318, 0.4335537552833557, 0.47547271847724915, 0.4891384243965149, 0.44323238730430603, 0.46994462609291077, 0.4765673875808716, 0.477632999420166, 0.5161399841308594, 0.44445815682411194, 0.5047511458396912, 0.48970961570739746, 0.5018676519393921, 0.4705808162689209, 0.5058329701423645, 0.4735541343688965, 0.5209041237831116, 0.5153236389160156, 0.497184693813324, 0.49347519874572754, 0.5304094552993774, 0.4662514626979828, 0.43117132782936096, 0.324981689453125 
0.4158795475959778, 0.48607736825942993, 0.4684616029262543, 0.4502131938934326, 0.49125373363494873, 0.44362184405326843, 0.5113635063171387, 0.4403672218322754, 0.4847696125507355, 0.44727399945259094, 0.47073954343795776, 0.4849097728729248, 0.44064995646476746, 0.46069028973579407, 0.4802134037017822, 0.4660423696041107, 0.504863440990448, 0.4390542805194855, 0.5012998580932617, 0.4787101447582245, 0.4849679172039032, 0.47034573554992676, 0.5116963982582092, 0.49105411767959595, 0.522232174873352, 0.5255706310272217, 0.48888924717903137, 0.4826851785182953, 0.5253567695617676, 0.4471253752708435, 0.42606109380722046, 0.3038082718849182

ffn:
0.7321196794509888, 0.6595404148101807, 0.5854860544204712, 0.5504059791564941, 0.5576195120811462, 0.566278874874115, 0.5739932060241699, 0.6392737627029419, 0.6330081820487976, 0.6800230741500854, 0.6283091902732849, 0.646032989025116, 0.6275481581687927, 0.6400563716888428, 0.6513304114341736, 0.6904594898223877, 0.5716868042945862, 0.5433909893035889, 0.5536516904830933, 0.5358244180679321, 0.5353537201881409, 0.5321953892707825, 0.5334314703941345, 0.5317339897155762, 0.529640257358551, 0.5301135182380676, 0.531967043876648, 0.5341158509254456, 0.5410608649253845, 0.5749889612197876, 0.5811779499053955, 0.5644773840904236
0.7448643445968628, 0.6688318252563477, 0.5758419036865234, 0.5463957190513611, 0.5525189638137817, 0.5599846839904785, 0.5664661526679993, 0.6216347217559814, 0.6168699860572815, 0.6580309867858887, 0.6134262681007385, 0.6288049221038818, 0.6126381158828735, 0.6233164668083191, 0.6328459978103638, 0.6667143702507019, 0.5654574632644653, 0.5418093204498291, 0.5509101748466492, 0.536893367767334, 0.5364865660667419, 0.5339334607124329, 0.5354018211364746, 0.5342663526535034, 0.5329905152320862, 0.5337115526199341, 0.5351589322090149, 0.5369797348976135, 0.542169988155365, 0.5679515600204468, 0.576278030872345, 0.5613638162612915
0.7302815914154053, 0.657565712928772, 0.5890628695487976, 0.5527579188346863, 0.5602031946182251, 0.5694403052330017, 0.5774303674697876, 0.6456056833267212, 0.6389011740684509, 0.686729371547699, 0.6335086822509766, 0.6515926718711853, 0.6327956914901733, 0.6457075476646423, 0.6572584509849548, 0.69769287109375, 0.574285626411438, 0.5445265769958496, 0.5553715229034424, 0.5366387367248535, 0.5359064340591431, 0.5324125289916992, 0.5338464975357056, 0.531743049621582, 0.5293964743614197, 0.5300478935241699, 0.5317584276199341, 0.5338879823684692, 0.5412678122520447, 0.5773175954818726, 0.585514485836029, 0.5674741268157959
0.742945671081543, 0.6547015905380249, 0.5928397178649902, 0.5551700592041016, 0.5632725954055786, 0.5728955268859863, 0.5809764862060547, 0.6523882150650024, 0.6457247734069824, 0.6954483985900879, 0.6403716802597046, 0.6592137813568115, 0.6396616101264954, 0.6529355049133301, 0.6650391817092896, 0.7063642144203186, 0.5778135061264038, 0.5465813279151917, 0.5581431984901428, 0.5384283661842346, 0.5375548005104065, 0.5337220430374146, 0.535110354423523, 0.5326359868049622, 0.529731273651123, 0.5299603939056396, 0.5312300324440002, 0.5332806706428528, 0.5404849648475647, 0.5775095224380493, 0.5867358446121216, 0.5697764754295349
0.7368359565734863, 0.6872038841247559, 0.5821325182914734, 0.5501977205276489, 0.5569295883178711, 0.5649169683456421, 0.5716902613639832, 0.6323427557945251, 0.6268430948257446, 0.6709059476852417, 0.6221879124641418, 0.6387850046157837, 0.6214125156402588, 0.6330032348632812, 0.6435415744781494, 0.6804495453834534, 0.5694509148597717, 0.5433063507080078, 0.5532616972923279, 0.5371970534324646, 0.5370818972587585, 0.5340858101844788, 0.5356460809707642, 0.5339704751968384, 0.5320226550102234, 0.5324873924255371, 0.5340279340744019, 0.5359835624694824, 0.5422317981719971, 0.5723634362220764, 0.5792148113250732, 0.5624849796295166
0.7393087148666382, 0.6566621661186218, 0.5864498019218445, 0.5508356094360352, 0.5582931637763977, 0.5671416521072388, 0.574961245059967, 0.6397214531898499, 0.6337426900863647, 0.6809912323951721, 0.6291427612304688, 0.6468697786331177, 0.6285028457641602, 0.6407805681228638, 0.651856541633606, 0.6908814907073975, 0.5722163319587708, 0.5440827012062073, 0.5546059608459473, 0.5366760492324829, 0.5360422730445862, 0.5326392650604248, 0.5343924760818481, 0.5326591730117798, 0.5305241942405701, 0.5311770439147949, 0.5326250791549683, 0.5344858765602112, 0.5411127805709839, 0.5737684369087219, 0.5820527672767639, 0.5631873607635498


InternLM
attn:
0.5138887166976929, 0.8365483283996582, 0.5558487772941589, 0.579956591129303, 0.5725582242012024, 0.4900051951408386, 0.5072596073150635, 0.46195873618125916, 0.4289082884788513, 0.4202544689178467, 0.5071663856506348, 0.45857059955596924, 0.46066343784332275, 0.4655463397502899, 0.4845254123210907, 0.42346227169036865, 0.46854814887046814, 0.5452401638031006, 0.5052810311317444, 0.6611741781234741, 0.5456318259239197, 0.580843985080719, 0.6204497814178467, 0.6545048952102661, 0.5561412572860718, 0.5597312450408936, 0.5108711123466492, 0.6249499917030334, 0.5437119007110596, 0.5602689385414124, 0.436509907245636, 0.33990031480789185
0.5109508633613586, 0.8477988243103027, 0.5410019159317017, 0.5837883949279785, 0.5814386606216431, 0.5467802882194519, 0.5277291536331177, 0.49266451597213745, 0.44954296946525574, 0.441852867603302, 0.49155545234680176, 0.47196418046951294, 0.4705372154712677, 0.48025989532470703, 0.4648457467556, 0.45587050914764404, 0.5093418955802917, 0.5490262508392334, 0.5586055517196655, 0.6656582355499268, 0.5559245944023132, 0.5607497096061707, 0.6065963506698608, 0.6365742087364197, 0.5690852403640747, 0.5687426328659058, 0.5188526511192322, 0.6088792681694031, 0.5546533465385437, 0.5505666732788086, 0.452851802110672, 0.38071462512016296
0.510016918182373, 0.8160127997398376, 0.5406326055526733, 0.5690523386001587, 0.5691856741905212, 0.49432113766670227, 0.5080758333206177, 0.45566198229789734, 0.4308422803878784, 0.4331156611442566, 0.5017722249031067, 0.4637889862060547, 0.454431414604187, 0.474763423204422, 0.4566837251186371, 0.4156205654144287, 0.48390406370162964, 0.5392696857452393, 0.48897644877433777, 0.6663296222686768, 0.5532510280609131, 0.5707134008407593, 0.6209708452224731, 0.6489970684051514, 0.5533711314201355, 0.5398373603820801, 0.5063180923461914, 0.6138064861297607, 0.5397658348083496, 0.5595621466636658, 0.4382745325565338, 0.33579033613204956
0.5139665007591248, 0.8367201089859009, 0.55388343334198, 0.5675081014633179, 0.5798128843307495, 0.521537721157074, 0.5086521506309509, 0.4543190896511078, 0.45877739787101746, 0.4257398843765259, 0.5021166801452637, 0.46980586647987366, 0.46740812063217163, 0.4906972050666809, 0.47036004066467285, 0.45906850695610046, 0.5429332256317139, 0.5864546895027161, 0.5588389039039612, 0.6756302714347839, 0.5413683652877808, 0.5868871808052063, 0.5979764461517334, 0.6333945989608765, 0.5655996203422546, 0.548616886138916, 0.5219971537590027, 0.6079059839248657, 0.534732460975647, 0.5599374175071716, 0.4576261043548584, 0.36285021901130676
0.5105209946632385, 0.8262459635734558, 0.5369505286216736, 0.5797778367996216, 0.5741609334945679, 0.48145681619644165, 0.5239965319633484, 0.4371456801891327, 0.4400826394557953, 0.42419350147247314, 0.4863533675670624, 0.4566711485385895, 0.45804131031036377, 0.4654465615749359, 0.45682427287101746, 0.4216724634170532, 0.4939848482608795, 0.5630604028701782, 0.4847602844238281, 0.6771886348724365, 0.5367027521133423, 0.5613909959793091, 0.6284469366073608, 0.6482791900634766, 0.5324610471725464, 0.5292695760726929, 0.505886971950531, 0.5922871828079224, 0.5216330289840698, 0.5094027519226074, 0.424799382686615, 0.32494598627090454
0.5058341026306152, 0.8353089094161987, 0.5490846037864685, 0.5778801441192627, 0.576047956943512, 0.5169090032577515, 0.5198999643325806, 0.4622092545032501, 0.4526938796043396, 0.43011248111724854, 0.5142406225204468, 0.4800242781639099, 0.4699276089668274, 0.5169457197189331, 0.4643715023994446, 0.4295283257961273, 0.5124983191490173, 0.5663024187088013, 0.5015143156051636, 0.6715055704116821, 0.5567360520362854, 0.5831331014633179, 0.6090325117111206, 0.6440297961235046, 0.5498613119125366, 0.5667058825492859, 0.5205938816070557, 0.617016077041626, 0.5326538681983948, 0.5590983629226685, 0.46247512102127075, 0.3504762053489685 
0.5061913132667542, 0.8388391733169556, 0.5435848236083984, 0.5790735483169556, 0.5845991969108582, 0.5195754170417786, 0.5256069898605347, 0.471317321062088, 0.4423363506793976, 0.4282093644142151, 0.4848916530609131, 0.4552873969078064, 0.4745403826236725, 0.5035352110862732, 0.45470738410949707, 0.4311455190181732, 0.49448442459106445, 0.5464039444923401, 0.49268409609794617, 0.6582398414611816, 0.5623229742050171, 0.5797873139381409, 0.6290563344955444, 0.6480754017829895, 0.5650956034660339, 0.553337574005127, 0.5165303945541382, 0.6039177179336548, 0.5265299677848816, 0.5338494777679443, 0.4311926066875458, 0.3428860902786255 


ffn:
0.6275948286056519, 0.4984137713909149, 0.5768305659294128, 0.5537309646606445, 0.5403543710708618, 0.5175377726554871, 0.5215924978256226, 0.4947687089443207, 0.5378915071487427, 0.5157246589660645, 0.5260233283042908, 0.5556124448776245, 0.5163512229919434, 0.5316864252090454, 0.5602555274963379, 0.5369808077812195, 0.5858356952667236, 0.6057498455047607, 0.6265790462493896, 0.5989609956741333, 0.5740745663642883, 0.5423115491867065, 0.5570685267448425, 0.5435261726379395, 0.5356503129005432, 0.5397956967353821, 0.5377554893493652, 0.5422472953796387, 0.5262213945388794, 0.4868208169937134, 0.34652405977249146, 0.5048367381095886
0.6221441030502319, 0.4987261891365051, 0.5784205794334412, 0.5416116714477539, 0.5457493662834167, 0.5164868235588074, 0.527121901512146, 0.49229392409324646, 0.5003358125686646, 0.5172399878501892, 0.5276839733123779, 0.5399659872055054, 0.5213341116905212, 0.5413864254951477, 0.554741382598877, 0.5421523451805115, 0.5845984220504761, 0.6093827486038208, 0.6294296979904175, 0.6038614511489868, 0.585004448890686, 0.535313606262207, 0.5468645691871643, 0.5440468788146973, 0.5364543795585632, 0.5242676734924316, 0.518612802028656, 0.5286572575569153, 0.518706202507019, 0.48576122522354126, 0.3916996121406555, 0.49441057443618774
0.6280069351196289, 0.49846479296684265, 0.586696982383728, 0.5641835331916809, 0.5602371096611023, 0.5182488560676575, 0.5271711945533752, 0.5036231279373169, 0.5328269600868225, 0.5375994443893433, 0.5478084683418274, 0.5564366579055786, 0.5454705357551575, 0.5659633278846741, 0.5687245726585388, 0.5585810542106628, 0.597453236579895, 0.616497278213501, 0.6358200311660767, 0.5994349718093872, 0.5796626806259155, 0.5457673072814941, 0.5487048029899597, 0.5395211577415466, 0.5329105257987976, 0.5306146144866943, 0.5347098112106323, 0.5411072969436646, 0.5293484330177307, 0.48694324493408203, 0.335457444190979, 0.5111753940582275
0.6258675456047058, 0.4986877143383026, 0.5743793845176697, 0.548952043056488, 0.5355576872825623, 0.5228115916252136, 0.5267199277877808, 0.49481499195098877, 0.5204026103019714, 0.5297324657440186, 0.5401411056518555, 0.5480880737304688, 0.512920618057251, 0.5422817468643188, 0.5563934445381165, 0.5466299057006836, 0.588594913482666, 0.6063370108604431, 0.6253951787948608, 0.6080789566040039, 0.5773159861564636, 0.5512913465499878, 0.5425589680671692, 0.5400351285934448, 0.5398598313331604, 0.5233516693115234, 0.5280575752258301, 0.5333812236785889, 0.5252773761749268, 0.4904687702655792, 0.38096001744270325, 0.5088663101196289
0.6254926919937134, 0.498365581035614, 0.5718756318092346, 0.5554527044296265, 0.5560750961303711, 0.5316903591156006, 0.5500538349151611, 0.5274146795272827, 0.5460522174835205, 0.5499023199081421, 0.563535749912262, 0.5677294135093689, 0.5494624376296997, 0.568839967250824, 0.5778915882110596, 0.5658968687057495, 0.6120559573173523, 0.631360650062561, 0.6535686254501343, 0.6081786751747131, 0.5964277982711792, 0.5534502267837524, 0.5643564462661743, 0.5469359755516052, 0.5398420691490173, 0.5272323489189148, 0.5315700173377991, 0.5370972752571106, 0.5206324458122253, 0.49199265241622925, 0.3250719904899597, 0.5170356631278992
0.6254671216011047, 0.4985206425189972, 0.5681884288787842, 0.5461187958717346, 0.5296007394790649, 0.5161558985710144, 0.5267980694770813, 0.4963778555393219, 0.5250098705291748, 0.5253985524177551, 0.5413864254951477, 0.5380463600158691, 0.5185295343399048, 0.5565351247787476, 0.5692508220672607, 0.5599364638328552, 0.5988802313804626, 0.6221381425857544, 0.6428972482681274, 0.6095913648605347, 0.5849385261535645, 0.5528583526611328, 0.5581437945365906, 0.5389429330825806, 0.5371474623680115, 0.5291776657104492, 0.5315393209457397, 0.5320087671279907, 0.5191938877105713, 0.48425957560539246, 0.35163336992263794, 0.5108099579811096
0.6270359754562378, 0.4984331727027893, 0.5736426115036011, 0.550218403339386, 0.5489254593849182, 0.5246414542198181, 0.5189076662063599, 0.48550230264663696, 0.5275037288665771, 0.5247393846511841, 0.5272060632705688, 0.5352091193199158, 0.5143430829048157, 0.544410228729248, 0.5634526610374451, 0.5555189847946167, 0.5831449031829834, 0.6153539419174194, 0.6353675127029419, 0.6022087931632996, 0.5715163350105286, 0.5529257655143738, 0.5516919493675232, 0.5424705147743225, 0.5299535989761353, 0.5295218229293823, 0.5317899584770203, 0.5414161682128906, 0.5183573961257935, 0.4855875074863434, 0.3476983904838562, 0.5103008151054382


Vicuna
attn:
0.49287503957748413, 0.3396158218383789, 0.36195194721221924, 0.5802964568138123, 0.5519716143608093, 0.5293607115745544, 0.5406558513641357, 0.5144142508506775, 0.47451311349868774, 0.5045397877693176, 0.5237833261489868, 0.5257850289344788, 0.5309189558029175, 0.49352097511291504, 0.48952367901802063, 0.49171334505081177, 0.5280572772026062, 0.49980610609054565, 0.5337507128715515, 0.5401191711425781, 0.5571011304855347, 0.5283676385879517, 0.5084026455879211, 0.5578526258468628, 0.5024698376655579, 0.5335517525672913, 0.5141518115997314, 0.5047318935394287, 0.5306902527809143, 0.530487596988678, 0.5296816825866699, 0.43966835737228394
0.49941641092300415, 0.362026572227478, 0.4067184329032898, 0.6051729321479797, 0.5719365477561951, 0.5326361060142517, 0.5423507690429688, 0.5229150652885437, 0.4796094596385956, 0.5221726298332214, 0.5210638642311096, 0.5267981886863708, 0.5373327732086182, 0.5218085646629333, 0.5049833655357361, 0.5296279788017273, 0.5351867079734802, 0.5246067643165588, 0.5622473955154419, 0.5257222056388855, 0.5177030563354492, 0.5214632749557495, 0.4887620508670807, 0.5170307159423828, 0.49800604581832886, 0.5128940343856812, 0.49615487456321716, 0.4822443723678589, 0.509158730506897, 0.5064439177513123, 0.5193142294883728, 0.44244638085365295
0.4876178205013275, 0.31789422035217285, 0.351431667804718, 0.578313410282135, 0.5301104784011841, 0.5177301168441772, 0.5244119167327881, 0.509196400642395, 0.48123547434806824, 0.4957168698310852, 0.510196328163147, 0.520326554775238, 0.5277637839317322, 0.4842402935028076, 0.4874282479286194, 0.49137595295906067, 0.5341346263885498, 0.5063838958740234, 0.5224331617355347, 0.5386764407157898, 0.5504847764968872, 0.5268494486808777, 0.49899014830589294, 0.553798258304596, 0.4984160363674164, 0.5312054753303528, 0.5104678273200989, 0.504349946975708, 0.523613691329956, 0.5324882864952087, 0.544718325138092, 0.43724867701530457
0.4977835416793823, 0.3534182906150818, 0.3847580552101135, 0.5989120602607727, 0.5554954409599304, 0.5328661203384399, 0.531006395816803, 0.5206664800643921, 0.48382338881492615, 0.5065006613731384, 0.5151749849319458, 0.5273265838623047, 0.5368930101394653, 0.5019657611846924, 0.5062208771705627, 0.5187598466873169, 0.5430220365524292, 0.5099128484725952, 0.548716127872467, 0.5499960780143738, 0.5377030372619629, 0.536445677280426, 0.5101773738861084, 0.5424764156341553, 0.4990513026714325, 0.5197206139564514, 0.4973032772541046, 0.4990375339984894, 0.5125969648361206, 0.5138689279556274, 0.5228976011276245, 0.4528399705886841
0.49542734026908875, 0.3073291778564453, 0.345986932516098, 0.5781718492507935, 0.5279660820960999, 0.5264288783073425, 0.5395828485488892, 0.5226922035217285, 0.48339083790779114, 0.5080866813659668, 0.5126478672027588, 0.5266576409339905, 0.5247418880462646, 0.4878263771533966, 0.4976755976676941, 0.5000208616256714, 0.5361284613609314, 0.4980955123901367, 0.5293514728546143, 0.5495357513427734, 0.5418892502784729, 0.5322840809822083, 0.5065852403640747, 0.5303869843482971, 0.5004807114601135, 0.5028731226921082, 0.5036502480506897, 0.490803986787796, 0.5132600665092468, 0.5083392858505249, 0.5136241912841797, 0.4327177405357361 
0.4981573224067688, 0.33643463253974915, 0.36762726306915283, 0.573279857635498, 0.5357040166854858, 0.5305129885673523, 0.5331646203994751, 0.5208894610404968, 0.4700934588909149, 0.5025838613510132, 0.512310266494751, 0.5265493988990784, 0.5338494181632996, 0.5012516379356384, 0.5054996013641357, 0.5031177997589111, 0.5353021025657654, 0.5144652724266052, 0.5353947877883911, 0.550878643989563, 0.5457757115364075, 0.5476062297821045, 0.5119118690490723, 0.5495079755783081, 0.5055558681488037, 0.5231199264526367, 0.5080310702323914, 0.5033533573150635, 0.5126683712005615, 0.5289549827575684, 0.5358421802520752, 0.43904900550842285 
0.4975443482398987, 0.3248229920864105, 0.3537174463272095, 0.5785928964614868, 0.5531243681907654, 0.5347287654876709, 0.5214035511016846, 0.5155432820320129, 0.48039934039115906, 0.5005757808685303, 0.5059043169021606, 0.5154502391815186, 0.5199741125106812, 0.514336884021759, 0.4933294653892517, 0.517879068851471, 0.5312460064888, 0.5213659405708313, 0.5322463512420654, 0.5760167837142944, 0.5543277263641357, 0.5485937595367432, 0.5104176998138428, 0.5598863363265991, 0.5236173272132874, 0.5194755792617798, 0.5092434287071228, 0.5095551013946533, 0.5233465433120728, 0.5260538458824158, 0.5194860100746155, 0.4248751997947693

ffn:
0.5955976247787476, 0.6436527371406555, 0.6602921485900879, 0.5244235992431641, 0.6506927609443665, 0.4820605516433716, 0.47514286637306213, 0.47761592268943787, 0.47315579652786255, 0.47668296098709106, 0.47274449467658997, 0.47181662917137146, 0.47833511233329773, 0.4629025161266327, 0.49334126710891724, 0.5064471960067749, 0.5238577127456665, 0.5344924330711365, 0.545904278755188, 0.5515338778495789, 0.5578948259353638, 0.5588715672492981, 0.5519133806228638, 0.5517454147338867, 0.5390130281448364, 0.531072199344635, 0.5294283032417297, 0.52768474817276, 0.5178159475326538, 0.5012267827987671, 0.40955162048339844, 0.4812239706516266
0.5964300036430359, 0.6398031711578369, 0.6423085927963257, 0.5287539958953857, 0.618609607219696, 0.48788535594940186, 0.4450075030326843, 0.4710315763950348, 0.45000502467155457, 0.43809953331947327, 0.43767207860946655, 0.4545844495296478, 0.4600052237510681, 0.4325973689556122, 0.4711468815803528, 0.473682165145874, 0.5019046664237976, 0.5108051300048828, 0.5419025421142578, 0.5259788632392883, 0.5283793210983276, 0.5388270616531372, 0.5362019538879395, 0.527910053730011, 0.5162257552146912, 0.51530921459198, 0.512170672416687, 0.5080431699752808, 0.5036342144012451, 0.4907667934894562, 0.42966002225875854, 0.479703813791275
0.5923590064048767, 0.6492817997932434, 0.670539140701294, 0.5375794172286987, 0.6674138903617859, 0.49665242433547974, 0.48378604650497437, 0.4964642822742462, 0.48579660058021545, 0.48424670100212097, 0.48008450865745544, 0.4941406846046448, 0.477276086807251, 0.49034127593040466, 0.49967676401138306, 0.5202010869979858, 0.518689751625061, 0.5376659631729126, 0.5479732751846313, 0.5472142100334167, 0.5468702912330627, 0.54548180103302, 0.5552211999893188, 0.5454253554344177, 0.5355511903762817, 0.5270925164222717, 0.528496503829956, 0.5259221196174622, 0.5182819366455078, 0.4962430000305176, 0.403436541557312, 0.4916124939918518
0.6015366911888123, 0.6448317170143127, 0.6445420980453491, 0.524981677532196, 0.624396800994873, 0.4849962294101715, 0.4622483253479004, 0.46128755807876587, 0.4838036894798279, 0.48220765590667725, 0.4618309438228607, 0.4784349799156189, 0.48809027671813965, 0.48199790716171265, 0.494538277387619, 0.4974430501461029, 0.5068337917327881, 0.5342713594436646, 0.528661847114563, 0.5372788906097412, 0.5356821417808533, 0.5384780168533325, 0.5353877544403076, 0.5362463593482971, 0.5275843739509583, 0.5219553709030151, 0.5208265781402588, 0.5100753903388977, 0.509455144405365, 0.49596595764160156, 0.42410504817962646, 0.4734787344932556
0.5931717157363892, 0.6557230353355408, 0.6811498403549194, 0.5453218817710876, 0.6810110211372375, 0.5091658234596252, 0.5001993179321289, 0.49089446663856506, 0.4938604235649109, 0.48292073607444763, 0.4833429753780365, 0.5093254446983337, 0.49460265040397644, 0.49773603677749634, 0.5296680927276611, 0.5191587209701538, 0.530455470085144, 0.552051842212677, 0.5559650659561157, 0.5599513053894043, 0.5516103506088257, 0.5506420135498047, 0.5444533228874207, 0.5459108948707581, 0.5290638208389282, 0.5285272598266602, 0.5257300138473511, 0.5234863758087158, 0.5165358185768127, 0.4916154146194458, 0.4006246328353882, 0.49341994524002075
0.5960404276847839, 0.6413192749023438, 0.6585593819618225, 0.5352475643157959, 0.655754804611206, 0.4801967144012451, 0.48223215341567993, 0.4770220220088959, 0.45932328701019287, 0.4755263030529022, 0.48419591784477234, 0.47305935621261597, 0.4652402997016907, 0.4664693772792816, 0.5001823306083679, 0.5145026445388794, 0.5010358095169067, 0.532128632068634, 0.5432543158531189, 0.5477917790412903, 0.5456857681274414, 0.5427435040473938, 0.5436508655548096, 0.5388581156730652, 0.5272384881973267, 0.5223475694656372, 0.524251401424408, 0.5148336887359619, 0.5120754241943359, 0.4947047829627991, 0.4101273715496063, 0.4803084135055542
0.5942243933677673, 0.6395439505577087, 0.6613811254501343, 0.5386440753936768, 0.6567749381065369, 0.4920220971107483, 0.4946803152561188, 0.5183961987495422, 0.48484599590301514, 0.4828942120075226, 0.46978577971458435, 0.47756466269493103, 0.4722285568714142, 0.47837039828300476, 0.49599623680114746, 0.5006809234619141, 0.499922513961792, 0.5248233675956726, 0.5410457849502563, 0.5461060404777527, 0.5558500289916992, 0.5426972508430481, 0.5475898385047913, 0.5376951098442078, 0.5328328013420105, 0.5211973190307617, 0.5218833684921265, 0.5247713327407837, 0.5119404196739197, 0.4953243136405945, 0.4248049855232239, 0.4542462229728699
