attn:
0.02730703353881836, 0.022507190704345703, 0.022286415100097656, 0.023207664489746094, 0.022301435470581055, 0.02197551727294922, 0.02271580696105957, 0.02266669273376465, 0.022764921188354492, 0.023357868194580078, 0.02446460723876953, 0.02339649200439453, 0.023341894149780273, 0.02326488494873047, 0.02408885955810547, 0.024194955825805664, 0.024322986602783203, 0.02489185333251953, 0.024989843368530273, 0.024146080017089844, 0.03309512138366699, 0.031275272369384766, 0.031151533126831055, 0.03290510177612305, 0.032422542572021484, 0.03334379196166992, 0.032529354095458984, 0.03260540962219238, 0.033890485763549805, 0.03377246856689453, 0.03327608108520508, 0.03825998306274414
0.044222116470336914, 0.040415287017822266, 0.0394437313079834, 0.0360260009765625, 0.04107189178466797, 0.035765647888183594, 0.03395390510559082, 0.03463006019592285, 0.03598761558532715, 0.033446311950683594, 0.03250527381896973, 0.03236055374145508, 0.03231525421142578, 0.032294273376464844, 0.031664371490478516, 0.03169393539428711, 0.032421112060546875, 0.03220367431640625, 0.032001495361328125, 0.03307199478149414, 0.032479286193847656, 0.032407283782958984, 0.04067659378051758, 0.0395510196685791, 0.03856062889099121, 0.04048967361450195, 0.04036259651184082, 0.037578582763671875, 0.03743314743041992, 0.03793931007385254, 0.038466691970825195, 0.038068532943725586
0.02982473373413086, 0.02431344985961914, 0.024341106414794922, 0.025738239288330078, 0.023641347885131836, 0.023710012435913086, 0.02319645881652832, 0.02300882339477539, 0.0230712890625, 0.023106098175048828, 0.023119688034057617, 0.023541927337646484, 0.023113012313842773, 0.023271560668945312, 0.023948192596435547, 0.023799419403076172, 0.024008989334106445, 0.023119449615478516, 0.023693084716796875, 0.02359914779663086, 0.023527145385742188, 0.02382802963256836, 0.023674964904785156, 0.020974397659301758, 0.028571367263793945, 0.02941107749938965, 0.029669523239135742, 0.029889583587646484, 0.028958559036254883, 0.029329776763916016, 0.030528783798217773, 0.02874612808227539
0.03389549255371094, 0.03257441520690918, 0.03220200538635254, 0.03098893165588379, 0.03243446350097656, 0.0312039852142334, 0.030809402465820312, 0.0311281681060791, 0.03124690055847168, 0.0312497615814209, 0.03216886520385742, 0.03109264373779297, 0.03203582763671875, 0.031911611557006836, 0.03149080276489258, 0.03208780288696289, 0.0364527702331543, 0.03599405288696289, 0.03633236885070801, 0.0361325740814209, 0.035169363021850586, 0.0356905460357666, 0.03534412384033203, 0.03506064414978027, 0.03331398963928223, 0.035883426666259766, 0.03559064865112305, 0.03724312782287598, 0.037641048431396484, 0.03746986389160156, 0.036924123764038086, 0.037111520767211914

fnn:
0.041719675064086914, 0.04076361656188965, 0.041579484939575195, 0.04548931121826172, 0.04036211967468262, 0.04075264930725098, 0.04113459587097168, 0.04129815101623535, 0.04188251495361328, 0.04579663276672363, 0.04318666458129883, 0.0426025390625, 0.04178595542907715, 0.04237532615661621, 0.04261422157287598, 0.044016361236572266, 0.044033050537109375, 0.04555058479309082, 0.04423165321350098, 0.04013991355895996, 0.05967259407043457, 0.059075117111206055, 0.06060934066772461, 0.061113834381103516, 0.06070876121520996, 0.06106114387512207, 0.06110572814941406, 0.06024813652038574, 0.062029361724853516, 0.06285905838012695, 0.06255292892456055, 0.07027959823608398
0.11836075782775879, 0.11893200874328613, 0.1200859546661377, 0.1199502944946289, 0.1174626350402832, 0.1179494857788086, 0.11890196800231934, 0.11798524856567383, 0.11873102188110352, 0.12068748474121094, 0.11883807182312012, 0.11823844909667969, 0.11933016777038574, 0.11994576454162598, 0.12241792678833008, 0.12268638610839844, 0.12441802024841309, 0.12422728538513184, 0.1279892921447754, 0.12493467330932617, 0.12560677528381348, 0.12540984153747559, 0.1540215015411377, 0.1558535099029541, 0.15697526931762695, 0.1551358699798584, 0.15449857711791992, 0.14924240112304688, 0.15003395080566406, 0.14991974830627441, 0.15352559089660645, 0.15347528457641602
0.04484438896179199, 0.04421663284301758, 0.04435420036315918, 0.044306039810180664, 0.0433502197265625, 0.04286956787109375, 0.04270505905151367, 0.04296445846557617, 0.04259037971496582, 0.04358863830566406, 0.04374098777770996, 0.04193472862243652, 0.040616512298583984, 0.04123497009277344, 0.04136800765991211, 0.04266691207885742, 0.042566776275634766, 0.041357994079589844, 0.0414280891418457, 0.04075217247009277, 0.043771982192993164, 0.04214334487915039, 0.04300498962402344, 0.05169939994812012, 0.058791160583496094, 0.05615830421447754, 0.05802345275878906, 0.0575563907623291, 0.057538509368896484, 0.06078028678894043, 0.05872917175292969, 0.06042075157165527
0.10805082321166992, 0.10855364799499512, 0.1076209545135498, 0.10975384712219238, 0.10807037353515625, 0.1075584888458252, 0.10874104499816895, 0.10888051986694336, 0.11084699630737305, 0.10984635353088379, 0.11264681816101074, 0.11015772819519043, 0.11069345474243164, 0.11039209365844727, 0.11208319664001465, 0.10244965553283691, 0.12708353996276855, 0.12747502326965332, 0.1282057762145996, 0.1287860870361328, 0.12722516059875488, 0.1259763240814209, 0.12607741355895996, 0.1248321533203125, 0.12715888023376465, 0.1271224021911621, 0.13292551040649414, 0.12786626815795898, 0.1285412311553955, 0.1304006576538086, 0.12838435173034668, 0.12831902503967285